13
3845145.42667948 3073567.09558570
2907232.43937699 1812057.31136526
4641565.31157094 247662.89521031
2900451.82879221 2447849.94588661
84914.69168631 962551.98031037
604297.85549279 615418.73772973
4313553.59349835 1027470.85453840
2421482.55606051 732574.55307445
4224278.37288132 945360.87236307
1047025.42010467 213262.05455572
2761456.70769388 3175989.58429941
3149416.92532211 1409334.27940215
159955.07881283 2692983.39022670
0	0.0297814	0.0458635	0.0265088	0.0708837	0.065789	0.0349577	0.0430162	0.0356612	0.0644573	0.026231	0.0318943	0.05875	
0.0297814	0	0.0377098	0.0240108	0.0460346	0.0410305	0.0301134	0.0268365	0.0298213	0.0391701	0.028168	0.0234795	0.0451068	
0.0458635	0.0377098	0	0.0439526	0.0775182	0.0655132	0.0249039	0.0369488	0.0247475	0.056736	0.0546963	0.0327562	0.0893394	
0.0265088	0.0240108	0.0439526	0	0.049709	0.0458893	0.033922	0.0316739	0.0339105	0.045375	0.0244286	0.0261064	0.0431788	
0.0708837	0.0460346	0.0775182	0.049709	0	0.0239703	0.0691209	0.0378589	0.0672545	0.0270758	0.0545788	0.0483334	0.0312126	
0.065789	0.0410305	0.0655132	0.0458893	0.0239703	0	0.0592578	0.0320609	0.0574663	0.0238764	0.0524296	0.0419904	0.0352419	
0.0349577	0.0301134	0.0249039	0.033922	0.0691209	0.0592578	0	0.0329986	0.0228775	0.0527405	0.0417772	0.0271145	0.07443	
0.0430162	0.0268365	0.0369488	0.0316739	0.0378589	0.0320609	0.0329986	0	0.0320059	0.0289294	0.03935	0.0256763	0.046724	
0.0356612	0.0298213	0.0247475	0.0339105	0.0672545	0.0574663	0.0228775	0.0320059	0	0.0509678	0.04201	0.026751	0.0733068	
0.0644573	0.0391701	0.056736	0.045375	0.0270758	0.0238764	0.0527405	0.0289294	0.0509678	0	0.0537077	0.0387393	0.0415474	
0.026231	0.028168	0.0546963	0.0244286	0.0545788	0.0524296	0.0417772	0.03935	0.04201	0.0537077	0	0.0319422	0.0417153	
0.0318943	0.0234795	0.0327562	0.0261064	0.0483334	0.0419904	0.0271145	0.0256763	0.026751	0.0387393	0.0319422	0	0.0508508	
0.05875	0.0451068	0.0893394	0.0431788	0.0312126	0.0352419	0.07443	0.046724	0.0733068	0.0415474	0.0417153	0.0508508	0	
3
2000
2000.000000
20.000000
20.000000
-90.000000