23
3475815.19722166 3643308.40839136
2495580.06741295 3689208.26898795
2679005.27875557 317022.50346409
2225915.82648021 4302202.81519116
619661.38799035 4672025.59480607
2451786.46734009 4921991.56120486
4264990.77670408 4294694.08341933
4369637.02930867 3927794.94632515
1351471.66146349 2566887.09293787
1042306.79375657 888012.30252933
2824897.85369101 1992947.48367922
3201559.12581379 669656.25493986
2085144.75821443 154447.74372476
1029877.57766122 4695708.53034774
4739665.60646584 1506530.32293196
410356.03548863 1477669.17237678
528547.13290861 1664681.40918088
710205.60951999 2335340.93514426
832302.20438210 3240992.03233079
3104793.21967654 126140.90746518
2868548.82420599 4211033.06209667
260389.45142935 2795162.72494348
4656006.92304125 4270499.74636722
0	0.0256059	0.0536625	0.0284839	0.0473809	0.0303583	0.0258434	0.0253706	0.0382734	0.0582194	0.0316089	0.0466224	0.0597025	0.0419446	0.0395504	0.0596548	0.0559314	0.0477456	0.0420987	0.0556972	0.0248337	0.0520472	0.027905	
0.0256059	0	0.0529223	0.0241382	0.0351662	0.0271719	0.0325465	0.0327376	0.0300463	0.0492665	0.0311742	0.0483976	0.0560861	0.0316464	0.0488642	0.0474398	0.0441975	0.0365734	0.0311247	0.0570989	0.0240314	0.0385957	0.0365336	
0.0536625	0.0529223	0	0.064647	0.0822938	0.0774767	0.0702422	0.064171	0.0412595	0.0312255	0.0307541	0.023991	0.0239381	0.0790471	0.0382466	0.0404065	0.0402689	0.044151	0.054319	0.0234705	0.0624336	0.0543969	0.0732215	
0.0284839	0.0241382	0.064647	0	0.0304481	0.0240998	0.0343023	0.0358261	0.033289	0.0570764	0.0383252	0.0598055	0.067476	0.0273489	0.0597741	0.052592	0.0489595	0.0395576	0.0313964	0.0699312	0.0240599	0.039476	0.038884	
0.0473809	0.0351662	0.0822938	0.0304481	0	0.0323373	0.0580119	0.0609778	0.0364335	0.0606809	0.0545218	0.0810054	0.0806868	0.0233282	0.0916302	0.0499986	0.0469651	0.0377438	0.0287493	0.0912515	0.0372262	0.0329581	0.0655593	
0.0303583	0.0271719	0.0774767	0.0240998	0.0323373	0	0.0330367	0.0356443	0.0410866	0.0700496	0.0461146	0.0710048	0.0814468	0.0286943	0.0666704	0.0645071	0.0602097	0.0486711	0.0376922	0.082836	0.0247996	0.0476598	0.0372602	
0.0258434	0.0325465	0.0702422	0.0343023	0.0580119	0.0330367	0	0.0232603	0.0530953	0.0792909	0.0426691	0.0601169	0.0790492	0.0509573	0.0442774	0.0812738	0.0765382	0.0656147	0.056665	0.0711992	0.0283758	0.0701136	0.0232834	
0.0253706	0.0327376	0.064171	0.0358261	0.0609778	0.0356443	0.0232603	0	0.0518026	0.0751359	0.0394641	0.0543693	0.0730196	0.0537748	0.0391258	0.0785193	0.0740568	0.0642493	0.0568928	0.0645609	0.0294067	0.069824	0.0234173	
0.0382734	0.0300463	0.0412595	0.033289	0.0364335	0.0410866	0.0530953	0.0518026	0	0.0309813	0.0298611	0.0417699	0.0400554	0.035562	0.0559385	0.0286917	0.0270871	0.0241853	0.0249274	0.0469115	0.036532	0.0263929	0.0589922	
0.0582194	0.0492665	0.0312255	0.0570764	0.0606809	0.0700496	0.0792909	0.0751359	0.0309813	0	0.0349381	0.0357586	0.0274606	0.0606842	0.0595697	0.0249932	0.0253346	0.0290559	0.0380366	0.036085	0.0603815	0.0345423	0.0854841	
0.0316089	0.0311742	0.0307541	0.0383252	0.0545218	0.0461146	0.0426691	0.0394641	0.0298611	0.0349381	0	0.0281994	0.0336912	0.0507052	0.0336264	0.0393751	0.037516	0.0354406	0.0378996	0.0327224	0.0363146	0.0422793	0.0456599	
0.0466224	0.0483976	0.023991	0.0598055	0.0810054	0.0710048	0.0601169	0.0543693	0.0417699	0.0357586	0.0281994	0	0.0271446	0.0766553	0.0313905	0.0454136	0.0446251	0.0467842	0.0549861	0.0237231	0.0560591	0.0573538	0.0621397	
0.0597025	0.0560861	0.0239381	0.067476	0.0806868	0.0814468	0.0790492	0.0730196	0.0400554	0.0274606	0.0336912	0.0271446	0	0.0786618	0.0465124	0.0353528	0.0357422	0.0408015	0.0521433	0.0258247	0.0670928	0.0501387	0.0831435	
0.0419446	0.0316464	0.0790471	0.0273489	0.0233282	0.0286943	0.0509573	0.0537748	0.035562	0.0606842	0.0507052	0.0766553	0.0786618	0	0.0840865	0.0512424	0.0479465	0.0382786	0.0289196	0.0871757	0.0328619	0.0344248	0.0577583	
0.0395504	0.0488642	0.0382466	0.0597741	0.0916302	0.0666704	0.0442774	0.0391258	0.0559385	0.0595697	0.0336264	0.0313905	0.0465124	0.0840865	0	0.071251	0.0688052	0.0667294	0.0700899	0.0354119	0.051434	0.0786317	0.043374	
0.0596548	0.0474398	0.0404065	0.052592	0.0499986	0.0645071	0.0812738	0.0785193	0.0286917	0.0249932	0.0393751	0.0454136	0.0353528	0.0512424	0.071251	0	0.0229779	0.0252164	0.0319844	0.0470521	0.0582203	0.0278278	0.0887508	
0.0559314	0.0441975	0.0402689	0.0489595	0.0469651	0.0602097	0.0765382	0.0740568	0.0270871	0.0253346	0.037516	0.0446251	0.0357422	0.0479465	0.0688052	0.0229779	0	0.0242369	0.0300692	0.0468422	0.054318	0.0266932	0.0838221	
0.0477456	0.0365734	0.044151	0.0395576	0.0377438	0.0486711	0.0656147	0.0642493	0.0241853	0.0290559	0.0354406	0.0467842	0.0408015	0.0382786	0.0667294	0.0252164	0.0242369	0	0.0252436	0.0509266	0.0447314	0.0240382	0.0726655	
0.0420987	0.0311247	0.054319	0.0313964	0.0287493	0.0376922	0.056665	0.0568928	0.0249274	0.0380366	0.0378996	0.0549861	0.0521433	0.0289196	0.0700899	0.0319844	0.0300692	0.0252436	0	0.061603	0.0367482	0.0243607	0.0636343	
0.0556972	0.0570989	0.0234705	0.0699312	0.0912515	0.082836	0.0711992	0.0645609	0.0469115	0.036085	0.0327224	0.0237231	0.0258247	0.0871757	0.0354119	0.0470521	0.0468422	0.0509266	0.061603	0	0.0662783	0.0624712	0.0733292	
0.0248337	0.0240314	0.0624336	0.0240599	0.0372262	0.0247996	0.0283758	0.0294067	0.036532	0.0603815	0.0363146	0.0560591	0.0670928	0.0328619	0.051434	0.0582203	0.054318	0.0447314	0.0367482	0.0662783	0	0.0463406	0.0317463	
0.0520472	0.0385957	0.0543969	0.039476	0.0329581	0.0476598	0.0701136	0.069824	0.0263929	0.0345423	0.0422793	0.0573538	0.0501387	0.0344248	0.0786317	0.0278278	0.0266932	0.0240382	0.0243607	0.0624712	0.0463406	0	0.078072	
0.027905	0.0365336	0.0732215	0.038884	0.0655593	0.0372602	0.0232834	0.0234173	0.0589922	0.0854841	0.0456599	0.0621397	0.0831435	0.0577583	0.043374	0.0887508	0.0838221	0.0726655	0.0636343	0.0733292	0.0317463	0.078072	0	
3
2000
2000.000000
20.000000
20.000000
-90.000000