33
1739395.97163631 920970.48757763
2230133.24027551 2986056.75168927
271197.42220565 1499684.95044894
885537.66894555 670614.66414341
3314040.30980487 1063007.66679421
1654144.97601652 4474708.37720407
4492430.68917150 357264.06393522
590775.99223355 1212432.79468360
4942089.64392490 268771.96104357
2699910.49518965 2208610.28532212
3534587.09661381 66416.00233626
4997458.10048852 4485956.75486786
1439246.72407569 983290.95683816
2072612.69446554 466852.58377547
2324199.70812569 1536834.49793960
3819785.39245978 2280288.33421871
4091020.19453835 508346.96812378
501107.70097746 4976948.63827546
890584.76943383 1660464.16726250
1798174.56741040 1486734.07943961
283523.44534146 310226.10659816
2609428.36830640 1491219.85943882
1679244.87338462 231756.32449090
878345.14837830 2527140.71228851
1044733.36996568 3807129.43345057
4525767.79502232 3155349.99606797
3376955.88668123 449458.25388046
2342340.99951999 404312.11565157
4560662.37119811 3886202.68274472
520057.87389689 4525673.72111785
3727730.36850859 2668859.75883500
3681337.27798319 545771.06021229
2809307.12640819 4129044.28927799
0	0.03522	0.0298342	0.0251204	0.0298591	0.0560192	0.0440158	0.026845	0.0510985	0.0300789	0.0337593	0.082583	0.0231097	0.0237593	0.0249198	0.0395831	0.0383485	0.069366	0.0264622	0.0237775	0.0298398	0.0259421	0.024225	0.0320751	0.0463541	0.0563204	0.0309536	0.0246605	0.0663031	0.0606391	0.0417346	0.0336503	0.0530009	
0.03522	0	0.0392485	0.042148	0.0361865	0.02999	0.0544917	0.038694	0.0612829	0.0252152	0.0499433	0.0491375	0.0355653	0.0400892	0.0287932	0.0312801	0.0483617	0.0415919	0.0326911	0.029682	0.0517722	0.0295291	0.0439971	0.028598	0.0287116	0.0373009	0.0436381	0.0408822	0.0397538	0.0372909	0.0294337	0.0444356	0.0275056	
0.0298342	0.0392485	0	0.0258932	0.0479748	0.0513024	0.0721939	0.0233742	0.0826034	0.0401669	0.056189	0.102105	0.0274755	0.0347093	0.0344565	0.057438	0.063368	0.0547826	0.0240258	0.0294021	0.0268748	0.0377415	0.0327942	0.0269008	0.0389264	0.0764507	0.0512655	0.0377991	0.0844851	0.0473876	0.0577207	0.0557748	0.0578233	
0.0251204	0.042148	0.0258932	0	0.0392611	0.0620908	0.0572024	0.023942	0.065967	0.0382366	0.0426964	0.102619	0.024011	0.0269743	0.0307273	0.0524069	0.0501345	0.0711233	0.0256535	0.0271088	0.0242643	0.0329407	0.025208	0.0324111	0.0490241	0.0729407	0.0397912	0.0290235	0.0838722	0.061924	0.0545986	0.0438496	0.063587	
0.0298591	0.0361865	0.0479748	0.0392611	0	0.0604248	0.0281821	0.0428402	0.0319684	0.0276377	0.0258286	0.0608135	0.03261	0.0282092	0.0262855	0.0277705	0.0254598	0.0823544	0.0397239	0.0297985	0.0487392	0.0248016	0.0321885	0.0444748	0.0561287	0.0387277	0.0239419	0.0267719	0.0481651	0.0738605	0.0305376	0.0240055	0.0484972	
0.0560192	0.02999	0.0513024	0.0620908	0.0604248	0	0.0867394	0.0538491	0.0953348	0.0397206	0.0817066	0.0523489	0.0550138	0.0650233	0.0470354	0.0481168	0.078498	0.0273388	0.045565	0.0467011	0.0724358	0.0488991	0.0694131	0.0349285	0.0251923	0.049338	0.0723099	0.0670235	0.0463075	0.0265222	0.0431542	0.0732402	0.0269833	
0.0440158	0.0544917	0.0721939	0.0572024	0.0281821	0.0867394	0	0.0643163	0.0234481	0.0407856	0.0257163	0.0676686	0.0486456	0.0387832	0.0393675	0.0342827	0.0233722	0.116863	0.0611162	0.0456459	0.0687023	0.0360778	0.0440998	0.0688337	0.0837282	0.0438453	0.0264215	0.0355352	0.0555714	0.106769	0.0389409	0.0248403	0.067067	
0.026845	0.038694	0.0233742	0.023942	0.0428402	0.0538491	0.0643163	0	0.0739299	0.0376722	0.0493189	0.0993523	0.0250654	0.0305425	0.0315085	0.0533294	0.0562981	0.0598864	0.0236821	0.0272036	0.0254514	0.0342885	0.0288956	0.0279738	0.0415541	0.0725289	0.0451614	0.0331428	0.0815583	0.0518561	0.0543234	0.0493611	0.0580061	
0.0510985	0.0612829	0.0826034	0.065967	0.0319684	0.0953348	0.0234481	0.0739299	0	0.0462977	0.0285543	0.0688777	0.056381	0.044978	0.0454586	0.0373196	0.0250919	0.128169	0.0702776	0.0528274	0.078581	0.0415468	0.0510098	0.0783592	0.0933888	0.0455717	0.0298119	0.0411378	0.0575119	0.117852	0.0423175	0.0275731	0.0730033	
0.0300789	0.0252152	0.0401669	0.0382366	0.0276377	0.0397206	0.0407856	0.0376722	0.0462977	0	0.0372671	0.0505484	0.0314565	0.0323589	0.0245517	0.0264396	0.0360634	0.0556729	0.0327512	0.0266494	0.0479575	0.024352	0.0363878	0.0323384	0.0372911	0.0344932	0.0326949	0.0322415	0.0398446	0.0496765	0.0264648	0.0331619	0.0330869	
0.0337593	0.0499433	0.056189	0.0426964	0.0258286	0.0817066	0.0257163	0.0493189	0.0285543	0.0372671	0	0.0785028	0.0371245	0.0293091	0.0328927	0.0364739	0.0243006	0.107162	0.0481834	0.0366046	0.0509626	0.0309052	0.0324722	0.0572097	0.0748411	0.0506974	0.0233361	0.0272107	0.063542	0.0964952	0.0412228	0.0235681	0.0669968	
0.082583	0.0491375	0.102105	0.102619	0.0608135	0.0523489	0.0676686	0.0993523	0.0688777	0.0505484	0.0785028	0	0.086543	0.0859967	0.0640407	0.0397803	0.0660315	0.0754995	0.0863465	0.0724587	0.122707	0.061115	0.0968305	0.0763553	0.0646417	0.0284746	0.0716865	0.083534	0.0244314	0.0744854	0.0362943	0.0675594	0.0362978	
0.0231097	0.0355653	0.0274755	0.024011	0.03261	0.0550138	0.0486456	0.0250654	0.056381	0.0314565	0.0371245	0.086543	0	0.0247674	0.025963	0.0426107	0.042375	0.0664953	0.0250289	0.0239473	0.0279119	0.0274653	0.0246374	0.0303973	0.0446114	0.0600485	0.0339892	0.0261353	0.0698274	0.0579181	0.0444799	0.0370913	0.0538482	
0.0237593	0.0400892	0.0347093	0.0269743	0.0282092	0.0650233	0.0387832	0.0305425	0.044978	0.0323589	0.0293091	0.0859967	0.0247674	0	0.0262964	0.0400115	0.0340846	0.0813152	0.0307322	0.026036	0.0318183	0.0266585	0.023448	0.0382722	0.054958	0.0575487	0.0276711	0.023059	0.0691128	0.0716	0.0432245	0.0301159	0.0593229	
0.0249198	0.0287932	0.0344565	0.0307273	0.0262855	0.0470354	0.0393675	0.0315085	0.0454586	0.0245517	0.0328927	0.0640407	0.025963	0.0262964	0	0.0306447	0.0343593	0.0623308	0.0286875	0.023649	0.0382666	0.0230788	0.0288209	0.0314042	0.0411745	0.0429121	0.0292899	0.0265059	0.0506907	0.0548929	0.031888	0.030738	0.0415962	
0.0395831	0.0312801	0.057438	0.0524069	0.0277705	0.0481168	0.0342827	0.0533294	0.0373196	0.0264396	0.0364739	0.0397803	0.0426107	0.0400115	0.0306447	0	0.031786	0.0701141	0.046741	0.0357759	0.0653925	0.0287342	0.0462673	0.0461006	0.0494526	0.0264533	0.0326816	0.038353	0.0315565	0.0642558	0.0233008	0.0312872	0.0350448	
0.0383485	0.0483617	0.063368	0.0501345	0.0254598	0.078498	0.0233722	0.0562981	0.0250919	0.0360634	0.0243006	0.0660315	0.042375	0.0340846	0.0343593	0.031786	0	0.106034	0.0533378	0.0396832	0.0607781	0.0316459	0.0388498	0.0604295	0.0747656	0.042216	0.0243248	0.0313974	0.0534897	0.0962943	0.0359944	0.0233293	0.0613176	
0.069366	0.0415919	0.0547826	0.0711233	0.0823544	0.0273388	0.116863	0.0598864	0.128169	0.0556729	0.107162	0.0754995	0.0664953	0.0813152	0.0623308	0.0701141	0.106034	0	0.0522805	0.0590967	0.0788818	0.0659128	0.0840161	0.0395004	0.027567	0.073166	0.0959943	0.0849887	0.0685845	0.0234306	0.0637783	0.0984047	0.0392485	
0.0264622	0.0326911	0.0240258	0.0256535	0.0397239	0.045565	0.0611162	0.0236821	0.0702776	0.0327512	0.0481834	0.0863465	0.0250289	0.0307322	0.0286875	0.046741	0.0533378	0.0522805	0	0.025297	0.0290193	0.0311669	0.0303028	0.0250053	0.0355531	0.0630573	0.0433793	0.0330482	0.0704561	0.045166	0.0470003	0.0469101	0.0488017	
0.0237775	0.029682	0.0294021	0.0271088	0.0297985	0.0467011	0.0456459	0.0272036	0.0528274	0.0266494	0.0366046	0.0724587	0.0239473	0.026036	0.023649	0.0357759	0.0396832	0.0590967	0.025297	0	0.0330291	0.0247396	0.0273593	0.0282973	0.0390024	0.0499386	0.0327362	0.0270219	0.0579066	0.0515687	0.0368355	0.0350257	0.0442903	
0.0298398	0.0517722	0.0268748	0.0242643	0.0487392	0.0724358	0.0687023	0.0254514	0.078581	0.0479575	0.0509626	0.122707	0.0279119	0.0318183	0.0382666	0.0653925	0.0607781	0.0788818	0.0290193	0.0330291	0	0.0412088	0.0283679	0.0372223	0.0564496	0.0894058	0.0483281	0.0345395	0.101678	0.0689727	0.0679782	0.0534145	0.0767485	
0.0259421	0.0295291	0.0377415	0.0329407	0.0248016	0.0488991	0.0360778	0.0342885	0.0415468	0.024352	0.0309052	0.061115	0.0274653	0.0266585	0.0230788	0.0287342	0.0316459	0.0659128	0.0311669	0.0247396	0.0412088	0	0.0297281	0.034069	0.0437974	0.0402716	0.0275957	0.0264213	0.0482127	0.0583691	0.030233	0.0286115	0.0417075	
0.024225	0.0439971	0.0327942	0.025208	0.0321885	0.0694131	0.0440998	0.0288956	0.0510098	0.0363878	0.0324722	0.0968305	0.0246374	0.023448	0.0288209	0.0462673	0.0388498	0.0840161	0.0303028	0.0273593	0.0283679	0.0297281	0	0.0388941	0.0573981	0.0660492	0.0310229	0.0241986	0.0784663	0.0738234	0.0497151	0.0341675	0.0655907	
0.0320751	0.028598	0.0269008	0.0324111	0.0444748	0.0349285	0.0688337	0.0279738	0.0783592	0.0323384	0.0572097	0.0763553	0.0303973	0.0382722	0.0314042	0.0461006	0.0604295	0.0395004	0.0250053	0.0282973	0.0372223	0.034069	0.0388941	0	0.0275726	0.058682	0.0507881	0.0408091	0.0629508	0.0342086	0.0446353	0.0538728	0.0398912	
0.0463541	0.0287116	0.0389264	0.0490241	0.0561287	0.0251923	0.0837282	0.0415541	0.0933888	0.0372911	0.0748411	0.0646417	0.0446114	0.054958	0.0411745	0.0494526	0.0747656	0.027567	0.0355531	0.0390024	0.0564496	0.0437974	0.0573981	0.0275726	0	0.0557833	0.0662062	0.0575912	0.0553452	0.02512	0.0455423	0.0683819	0.0317967	
0.0563204	0.0373009	0.0764507	0.0729407	0.0387277	0.049338	0.0438453	0.0725289	0.0455717	0.0344932	0.0506974	0.0284746	0.0600485	0.0575487	0.0429121	0.0264533	0.042216	0.073166	0.0630573	0.0499386	0.0894058	0.0402716	0.0660492	0.058682	0.0557833	0	0.0459186	0.0552636	0.024388	0.069215	0.0253527	0.043057	0.0336035	
0.0309536	0.0436381	0.0512655	0.0397912	0.0239419	0.0723099	0.0264215	0.0451614	0.0298119	0.0326949	0.0233361	0.0716865	0.0339892	0.0276711	0.0292899	0.0326816	0.0243248	0.0959943	0.0433793	0.0327362	0.0483281	0.0275957	0.0310229	0.0507881	0.0662062	0.0459186	0	0.0259149	0.0574645	0.086168	0.0366474	0.0231329	0.0590907	
0.0246605	0.0408822	0.0377991	0.0290235	0.0267719	0.0670235	0.0355352	0.0331428	0.0411378	0.0322415	0.0272107	0.083534	0.0261353	0.023059	0.0265059	0.038353	0.0313974	0.0849887	0.0330482	0.0270219	0.0345395	0.0264213	0.0241986	0.0408091	0.0575912	0.0552636	0.0259149	0	0.0670304	0.0751234	0.0418347	0.0279787	0.0596665	
0.0663031	0.0397538	0.0844851	0.0838722	0.0481651	0.0463075	0.0555714	0.0815583	0.0575119	0.0398446	0.063542	0.0244314	0.0698274	0.0691128	0.0506907	0.0315565	0.0534897	0.0685845	0.0704561	0.0579066	0.101678	0.0482127	0.0784663	0.0629508	0.0553452	0.024388	0.0574645	0.0670304	0	0.0662615	0.0289756	0.054248	0.0315521	
0.0606391	0.0372909	0.0473876	0.061924	0.0738605	0.0265222	0.106769	0.0518561	0.117852	0.0496765	0.0964952	0.0744854	0.0579181	0.0716	0.0548929	0.0642558	0.0962943	0.0234306	0.045166	0.0515687	0.0689727	0.0583691	0.0738234	0.0342086	0.02512	0.069215	0.086168	0.0751234	0.0662615	0	0.0587786	0.0887701	0.0375604	
0.0417346	0.0294337	0.0577207	0.0545986	0.0305376	0.0431542	0.0389409	0.0543234	0.0423175	0.0264648	0.0412228	0.0362943	0.0444799	0.0432245	0.031888	0.0233008	0.0359944	0.0637783	0.0470003	0.0368355	0.0679782	0.030233	0.0497151	0.0446353	0.0455423	0.0253527	0.0366474	0.0418347	0.0289756	0.0587786	0	0.0352312	0.0311469	
0.0336503	0.0444356	0.0557748	0.0438496	0.0240055	0.0732402	0.0248403	0.0493611	0.0275731	0.0331619	0.0235681	0.0675594	0.0370913	0.0301159	0.030738	0.0312872	0.0233293	0.0984047	0.0469101	0.0350257	0.0534145	0.0286115	0.0341675	0.0538728	0.0683819	0.043057	0.0231329	0.0279787	0.054248	0.0887701	0.0352312	0	0.0584365	
0.0530009	0.0275056	0.0578233	0.063587	0.0484972	0.0269833	0.067067	0.0580061	0.0730033	0.0330869	0.0669968	0.0362978	0.0538482	0.0593229	0.0415962	0.0350448	0.0613176	0.0392485	0.0488017	0.0442903	0.0767485	0.0417075	0.0655907	0.0398912	0.0317967	0.0336035	0.0590907	0.0596665	0.0315521	0.0375604	0.0311469	0.0584365	0	
3
2000
2000.000000
20.000000
20.000000
-90.000000