43
1690488.59401086 1174134.57373952
1469865.26513242 3674787.70848026
3731567.13851840 4852992.62543307
51683.09171698 4334651.45875958
242236.69626611 431172.64931748
3339580.60786812 1832183.08159599
3017339.91915385 1845994.02165009
2630512.32897781 3425142.36330805
3648547.24111614 2989708.17691945
3536267.42657711 3946819.71820953
3906885.25899639 1838264.59218938
1439884.87807086 1030139.29752597
3462659.93193259 433332.73697766
2783349.17482006 3859669.58549554
1982603.96290796 1028372.60732380
307953.33526982 1941358.15523901
3900877.65745587 2758892.65978614
1687919.32026023 1144766.26011550
3039329.53631473 3209703.10199594
3706270.24751109 2422401.86199090
524066.20986750 759227.62558133
639441.89891498 3909659.83294001
2747700.53507599 503031.61181211
2426147.04292480 1470331.66879314
4452378.39592219 1186865.09852790
3994801.39406440 2654361.28513964
3671705.41847985 457493.65669706
256659.43056186 2026577.09940296
364426.49549488 524231.23557878
442637.29837360 561419.81078013
3991754.32056976 3922139.45371956
4715040.69785351 1457851.58953465
3418577.86204179 3017667.19375443
660414.77856781 4822113.33607951
3613622.69828383 2162424.96985180
551767.40321174 3473760.97308970
587464.26075916 3790496.37644727
3203589.61482963 2163211.63073550
1644071.07378401 3277490.19901769
3269060.11297887 548775.25361526
3745657.31551760 4668799.24192666
2915928.65727438 937304.03210843
3700161.63993889 1330894.19453819
0	0.0399099	0.0686598	0.0561151	0.0302655	0.0316227	0.0290747	0.0389992	0.0420479	0.052139	0.0374442	0.0230791	0.0330585	0.0453185	0.0231465	0.0298601	0.0427343	0.0228368	0.0390309	0.0381432	0.0272026	0.0457813	0.0273009	0.0246561	0.043327	0.0430005	0.0350444	0.0306258	0.0289896	0.0283084	0.0565489	0.0474127	0.0401247	0.0603594	0.0356669	0.0406419	0.0444382	0.0319319	0.0350113	0.0308971	0.0655172	0.0272723	0.034052	
0.0399099	0	0.0404313	0.0297149	0.0544906	0.0414317	0.0384494	0.0268594	0.037085	0.0347943	0.0476249	0.0416998	0.0606331	0.027831	0.042398	0.0348228	0.0410646	0.0402893	0.0303471	0.0406032	0.0478362	0.0249867	0.0536469	0.0385403	0.0621489	0.0427839	0.0624332	0.0343832	0.0522735	0.0512643	0.0402183	0.0630492	0.0344912	0.0284157	0.0414108	0.0253804	0.0251212	0.0372801	0.0233846	0.0569546	0.0395611	0.0483184	0.0505561	
0.0686598	0.0404313	0	0.0589621	0.103265	0.0475412	0.0482353	0.0318872	0.0324965	0.0253123	0.0471353	0.074033	0.073388	0.0281797	0.0686265	0.074857	0.0349788	0.0692248	0.0316954	0.0388894	0.0917587	0.0505132	0.0740927	0.0572993	0.0593371	0.036266	0.0726898	0.0745224	0.0992073	0.09714	0.0255245	0.0556622	0.0324635	0.0479325	0.0423637	0.0544536	0.0519361	0.0430332	0.0412998	0.0712422	0.0229344	0.0644251	0.055441	
0.0561151	0.0297149	0.0589621	0	0.0626188	0.0671003	0.0619077	0.0429405	0.0613028	0.055156	0.077074	0.0565478	0.0912862	0.0434794	0.061087	0.0385908	0.067664	0.0565622	0.0498563	0.0669513	0.0569489	0.0243614	0.0791887	0.0590427	0.0972384	0.0703274	0.0944406	0.0374853	0.06098	0.0604127	0.0636685	0.0990773	0.0571085	0.0245967	0.0679292	0.0256857	0.0245251	0.0610614	0.0329623	0.0859386	0.0588291	0.0737353	0.0801379	
0.0302655	0.0544906	0.103265	0.0626188	0	0.0533031	0.0486179	0.0611065	0.0697751	0.0823023	0.0629584	0.027924	0.0503109	0.069931	0.0322473	0.0292743	0.0714003	0.0301294	0.0632936	0.0643419	0.0233812	0.0550678	0.0398596	0.0387358	0.0701408	0.0719468	0.0538208	0.0299837	0.0229035	0.0230018	0.089786	0.0769887	0.0663702	0.0730151	0.0603461	0.0477298	0.0529197	0.05384	0.0495401	0.0472782	0.0995897	0.0427536	0.0563466	
0.0316227	0.0414317	0.0475412	0.0671003	0.0533031	0	0.023139	0.031321	0.0269316	0.0352331	0.0237726	0.0345515	0.0284167	0.0349951	0.029826	0.0473473	0.0262001	0.0317516	0.0284601	0.024237	0.0470311	0.0534297	0.0288148	0.0256125	0.0275413	0.0260073	0.028494	0.04821	0.0507943	0.0493892	0.0359772	0.0285818	0.0268655	0.0647233	0.0233728	0.0505526	0.052932	0.0232093	0.0364244	0.027534	0.0448199	0.0256548	0.0239445	
0.0290747	0.0384494	0.0482353	0.0619077	0.0486179	0.023139	0	0.0302491	0.0276846	0.0356868	0.0251193	0.0316266	0.0290254	0.0341746	0.027775	0.0426125	0.0274284	0.0292036	0.0281091	0.0251634	0.0427348	0.049151	0.0281533	0.0242595	0.0298431	0.0274142	0.0294684	0.0433931	0.0462841	0.0449936	0.0371997	0.031301	0.0272057	0.0604684	0.0241589	0.0461405	0.0485734	0.0232304	0.0337117	0.0277942	0.0455539	0.0252462	0.0249491	
0.0389992	0.0268594	0.0318872	0.0429405	0.0611065	0.031321	0.0302491	0	0.0263464	0.0259714	0.0342743	0.042108	0.0484669	0.0234543	0.0395534	0.0432442	0.0286523	0.0393571	0.0234583	0.0289401	0.0532724	0.0344114	0.0456912	0.0335205	0.0451209	0.0297387	0.049095	0.043232	0.0583116	0.056901	0.0287682	0.0448307	0.0251072	0.0386929	0.0300256	0.0347402	0.0346979	0.0282763	0.025696	0.0460196	0.0306466	0.0398293	0.0379048	
0.0420479	0.037085	0.0324965	0.0613028	0.0697751	0.0269316	0.0276846	0.0263464	0	0.0255089	0.0268123	0.0461136	0.0406022	0.0271267	0.0407381	0.0550702	0.0231768	0.0423503	0.0240548	0.0237822	0.0612806	0.0491203	0.0416998	0.0333602	0.033609	0.023513	0.0401965	0.0555073	0.0665815	0.0648649	0.0256744	0.0325106	0.0229917	0.0551407	0.0248181	0.0489259	0.0494003	0.0253741	0.034151	0.0393923	0.0307508	0.0358612	0.0305496	
0.052139	0.0347943	0.0253123	0.055156	0.0823023	0.0352331	0.0356868	0.0259714	0.0255089	0	0.0354253	0.0566856	0.0552999	0.0245002	0.0517264	0.0605471	0.0272343	0.0525759	0.0251163	0.0294592	0.072467	0.0452841	0.0556304	0.0426523	0.0454466	0.0281656	0.0549071	0.0605453	0.0787558	0.076918	0.0234424	0.0432148	0.025363	0.046925	0.0317235	0.0471651	0.0461181	0.0319967	0.0339593	0.0534586	0.0244733	0.0479556	0.0413773	
0.0374442	0.0476249	0.0471353	0.077074	0.0629584	0.0237726	0.0251193	0.0342743	0.0268123	0.0354253	0	0.04104	0.0289632	0.037431	0.0348333	0.0568389	0.0252791	0.037578	0.0302224	0.0239449	0.0559475	0.0618536	0.031553	0.0293916	0.0249215	0.0247842	0.0283889	0.0578335	0.0601267	0.0585143	0.0348094	0.0251377	0.0274712	0.0729846	0.023393	0.0592661	0.0615112	0.0245739	0.0422059	0.0286849	0.0443766	0.0279257	0.0237098	
0.0230791	0.0416998	0.074033	0.0565478	0.027924	0.0345515	0.0316266	0.042108	0.0461136	0.0566856	0.04104	0	0.0350681	0.0488924	0.0236935	0.0288	0.0469464	0.0230532	0.0425068	0.0419053	0.025462	0.0466594	0.0284615	0.0261794	0.0470853	0.0472532	0.0373279	0.0295686	0.0268681	0.0263133	0.061626	0.0516718	0.0439352	0.061903	0.0391459	0.0410939	0.0451646	0.0349275	0.0367613	0.0327605	0.0707862	0.0290074	0.0370413	
0.0330585	0.0606331	0.073388	0.0912862	0.0503109	0.0284167	0.0290254	0.0484669	0.0406022	0.0552999	0.0289632	0.0350681	0	0.054926	0.0299813	0.054989	0.0380878	0.0329691	0.0439914	0.0339257	0.0461733	0.0745021	0.0243325	0.0289045	0.0272433	0.0370854	0.0229642	0.0564724	0.0483753	0.0471801	0.0555555	0.0301806	0.0408892	0.0919236	0.0312463	0.0687033	0.0732185	0.0313729	0.0529002	0.0229833	0.0694528	0.0244383	0.02532	
0.0453185	0.027831	0.0281797	0.0434794	0.069931	0.0349951	0.0341746	0.0234543	0.0271267	0.0245002	0.037431	0.0488924	0.054926	0	0.0459589	0.0488832	0.0297528	0.0457376	0.0242519	0.0309903	0.0612298	0.035466	0.0525769	0.0387026	0.0491926	0.030998	0.055335	0.0487231	0.0668609	0.0653205	0.0270119	0.0481033	0.0260276	0.0376521	0.0327402	0.0368571	0.036065	0.0313594	0.0274918	0.0523995	0.027336	0.0457048	0.0423179	
0.0231465	0.042398	0.0686265	0.061087	0.0322473	0.029826	0.027775	0.0395534	0.0407381	0.0517264	0.0348333	0.0236935	0.0299813	0.0459589	0	0.0329216	0.0408731	0.0231284	0.0388022	0.036295	0.0290414	0.0496395	0.0253181	0.0239755	0.0394512	0.0409203	0.0316937	0.0338185	0.0308693	0.0301032	0.0554521	0.0433846	0.0391773	0.0647807	0.0337415	0.0443492	0.0482952	0.0306154	0.0369729	0.0281774	0.0653297	0.0253693	0.0313243	
0.0298601	0.0348228	0.074857	0.0385908	0.0292743	0.0473473	0.0426125	0.0432442	0.0550702	0.0605471	0.0568389	0.0288	0.054989	0.0488832	0.0329216	0	0.0583793	0.0299656	0.0470075	0.0538661	0.0269561	0.0338418	0.0443337	0.0357548	0.0687729	0.0596903	0.0582271	0.0228633	0.0285253	0.0282804	0.0681476	0.0735131	0.051482	0.0453607	0.0518403	0.0296089	0.0325465	0.0453887	0.0327415	0.0511612	0.0725231	0.0437922	0.0541173	
0.0427343	0.0410646	0.0349788	0.067664	0.0714003	0.0262001	0.0274284	0.0286523	0.0231768	0.0272343	0.0252791	0.0469464	0.0380878	0.0297528	0.0408731	0.0583793	0	0.0430047	0.0255565	0.0232765	0.0629383	0.0543223	0.0402122	0.0334465	0.0306066	0.0228923	0.0374324	0.0589781	0.0681633	0.0663931	0.0267253	0.0294669	0.0237081	0.0613307	0.0241089	0.0537343	0.0545278	0.0252605	0.0374668	0.0372622	0.0330117	0.0346472	0.028712	
0.0228368	0.0402893	0.0692248	0.0565622	0.0301294	0.0317516	0.0292036	0.0393571	0.0423503	0.0525759	0.037578	0.0230532	0.0329691	0.0457376	0.0231284	0.0299656	0.0430047	0	0.0393614	0.0383634	0.0271206	0.0461794	0.0272089	0.0247191	0.0433676	0.0432562	0.0349625	0.0307435	0.0288688	0.028194	0.0569857	0.0474968	0.0404299	0.0608839	0.0358477	0.0409778	0.0448189	0.0321107	0.0353386	0.0308222	0.0660566	0.0272536	0.034106	
0.0390309	0.0303471	0.0316954	0.0498563	0.0632936	0.0284601	0.0281091	0.0234583	0.0240548	0.0251163	0.0302224	0.0425068	0.0439914	0.0242519	0.0388022	0.0470075	0.0255565	0.0393614	0	0.0258929	0.0552531	0.0397739	0.0427699	0.0322898	0.039357	0.0263333	0.0442144	0.0471956	0.0603546	0.0588269	0.026874	0.0388078	0.0233628	0.0449421	0.0269073	0.0397954	0.0400317	0.0260547	0.0283601	0.0420557	0.0302071	0.0369883	0.0337955	
0.0381432	0.0406032	0.0388894	0.0669513	0.0643419	0.024237	0.0251634	0.0289401	0.0237822	0.0294592	0.0239449	0.0419053	0.0339257	0.0309903	0.036295	0.0538661	0.0232765	0.0383634	0.0258929	0	0.0566624	0.0534567	0.0354766	0.0299827	0.0287223	0.0232355	0.0335178	0.054562	0.0613644	0.0597237	0.0293991	0.0283508	0.0241054	0.0620258	0.0230576	0.052042	0.0534095	0.0237668	0.0364773	0.0330911	0.036645	0.0307545	0.0262494	
0.0272026	0.0478362	0.0917587	0.0569489	0.0233812	0.0470311	0.0427348	0.0532724	0.0612806	0.072467	0.0559475	0.025462	0.0461733	0.0612298	0.0290414	0.0269561	0.0629383	0.0271206	0.0552531	0.0566624	0	0.0492154	0.0365463	0.0342115	0.0634695	0.0635269	0.0493678	0.0276048	0.0230709	0.0229685	0.0793841	0.069535	0.058132	0.0657394	0.0531971	0.0426628	0.0473217	0.0472159	0.0432446	0.0432015	0.0883515	0.0384847	0.0504203	
0.0457813	0.0249867	0.0505132	0.0243614	0.0550678	0.0534297	0.049151	0.0344114	0.0491203	0.0452841	0.0618536	0.0466594	0.0745021	0.035466	0.0496395	0.0338418	0.0543223	0.0461794	0.0397739	0.0534567	0.0492154	0	0.0645546	0.0471946	0.0791943	0.0565159	0.0771174	0.0330669	0.0532537	0.0525294	0.0525009	0.0808491	0.0456064	0.0252377	0.0541647	0.0234122	0.0228839	0.04842	0.0268579	0.0699275	0.0499407	0.0594803	0.0644753	
0.0273009	0.0536469	0.0740927	0.0791887	0.0398596	0.0288148	0.0281533	0.0456912	0.0416998	0.0556304	0.031553	0.0284615	0.0243325	0.0525769	0.0253181	0.0443337	0.0402122	0.0272089	0.0427699	0.0354766	0.0365463	0.0645546	0	0.0258207	0.0322153	0.0396031	0.0253025	0.0456249	0.0382966	0.0373482	0.0575286	0.0359479	0.0411286	0.0818106	0.0325625	0.0585543	0.0631192	0.0311157	0.0466168	0.0236336	0.0702728	0.0234681	0.0273688	
0.0246561	0.0385403	0.0572993	0.0590427	0.0387358	0.0256125	0.0242595	0.0335205	0.0333602	0.0426523	0.0293916	0.0261794	0.0289045	0.0387026	0.0239755	0.0357548	0.0334465	0.0247191	0.0322898	0.0299827	0.0342115	0.0471946	0.0258207	0	0.0343766	0.0335193	0.0300698	0.0365617	0.0369014	0.035891	0.0454616	0.0371456	0.0322303	0.0603181	0.0281887	0.0430674	0.0462304	0.0259488	0.0335588	0.0272778	0.0543477	0.0243554	0.0275075	
0.043327	0.0621489	0.0593371	0.0972384	0.0701408	0.0275413	0.0298431	0.0451209	0.033609	0.0454466	0.0249215	0.0470853	0.0272433	0.0491926	0.0394512	0.0687729	0.0306066	0.0433676	0.039357	0.0287223	0.0634695	0.0791943	0.0322153	0.0343766	0	0.0294869	0.026109	0.0701726	0.0672938	0.0655989	0.0434955	0.0232512	0.0349963	0.093105	0.0275426	0.0754658	0.0786119	0.0298946	0.0550669	0.0279635	0.0559865	0.0296504	0.0245349	
0.0430005	0.0427839	0.036266	0.0703274	0.0719468	0.0260073	0.0274142	0.0297387	0.023513	0.0281656	0.0247842	0.0472532	0.0370854	0.030998	0.0409203	0.0596903	0.0228923	0.0432562	0.0263333	0.0232355	0.0635269	0.0565159	0.0396031	0.0335193	0.0294869	0	0.0363377	0.060357	0.0687022	0.0669154	0.0274097	0.0283574	0.024183	0.063975	0.0239618	0.0557418	0.0566829	0.0253348	0.0389045	0.0364153	0.0342021	0.0341815	0.0280489	
0.0350444	0.0624332	0.0726898	0.0944406	0.0538208	0.028494	0.0294684	0.049095	0.0401965	0.0549071	0.0283889	0.0373279	0.0229642	0.055335	0.0316937	0.0582271	0.0374324	0.0349625	0.0442144	0.0335178	0.0493678	0.0771174	0.0253025	0.0300698	0.026109	0.0363377	0	0.0597487	0.051755	0.0504792	0.054687	0.0287388	0.0407287	0.0943935	0.0309704	0.0714696	0.0759034	0.0315585	0.0545801	0.0233329	0.0687606	0.0251479	0.0250405	
0.0306258	0.0343832	0.0745224	0.0374853	0.0299837	0.04821	0.0433931	0.043232	0.0555073	0.0605453	0.0578335	0.0295686	0.0564724	0.0487231	0.0338185	0.0228633	0.0589781	0.0307435	0.0471956	0.054562	0.0276048	0.0330669	0.0456249	0.0365617	0.0701726	0.060357	0.0597487	0	0.0292297	0.0289908	0.0682724	0.0748616	0.0518496	0.0442234	0.0526258	0.0289913	0.0318061	0.0460753	0.0325258	0.0525521	0.0722695	0.0449399	0.055279	
0.0289896	0.0522735	0.0992073	0.06098	0.0229035	0.0507943	0.0462841	0.0583116	0.0665815	0.0787558	0.0601267	0.0268681	0.0483753	0.0668609	0.0308693	0.0285253	0.0681633	0.0288688	0.0603546	0.0613644	0.0230709	0.0532537	0.0382966	0.0369014	0.0672938	0.0687022	0.051755	0.0292297	0	0.0228563	0.0859852	0.0738682	0.0632963	0.0707936	0.0575361	0.0461562	0.0511885	0.0512614	0.0473861	0.0453978	0.0956045	0.0408894	0.0538608	
0.0283084	0.0512643	0.09714	0.0604127	0.0230018	0.0493892	0.0449936	0.056901	0.0648649	0.076918	0.0585143	0.0263133	0.0471801	0.0653205	0.0301032	0.0282804	0.0663931	0.028194	0.0588269	0.0597237	0.0229685	0.0525294	0.0373482	0.035891	0.0655989	0.0669154	0.0504792	0.0289908	0.0228563	0	0.0839811	0.0720279	0.0616601	0.0699039	0.0559741	0.0455411	0.0505051	0.0498489	0.0463745	0.044251	0.0935638	0.0397973	0.0524137	
0.0565489	0.0402183	0.0255245	0.0636685	0.089786	0.0359772	0.0371997	0.0287682	0.0256744	0.0234424	0.0348094	0.061626	0.0555555	0.0270119	0.0554521	0.0681476	0.0267253	0.0569857	0.026874	0.0293991	0.0793841	0.0525009	0.0575286	0.0454616	0.0434955	0.0274097	0.054687	0.0682724	0.0859852	0.0839811	0	0.0406701	0.0261235	0.0541878	0.0318564	0.0545068	0.0534294	0.0331268	0.0389382	0.054173	0.024625	0.04954	0.0411959	
0.0474127	0.0630492	0.0556622	0.0990773	0.0769887	0.0285818	0.031301	0.0448307	0.0325106	0.0432148	0.0251377	0.0516718	0.0301806	0.0481033	0.0433846	0.0735131	0.0294669	0.0474968	0.0388078	0.0283508	0.069535	0.0808491	0.0359479	0.0371456	0.0232512	0.0283574	0.0287388	0.0748616	0.0738682	0.0720279	0.0406701	0	0.0341857	0.093509	0.027693	0.0778214	0.080494	0.0306244	0.0562843	0.0309896	0.0525305	0.0325741	0.0258406	
0.0401247	0.0344912	0.0324635	0.0571085	0.0663702	0.0268655	0.0272057	0.0251072	0.0229917	0.025363	0.0274712	0.0439352	0.0408892	0.0260276	0.0391773	0.051482	0.0237081	0.0404299	0.0233628	0.0241054	0.058132	0.0456064	0.0411286	0.0322303	0.0349963	0.024183	0.0407287	0.0518496	0.0632963	0.0616601	0.0261235	0.0341857	0	0.0515554	0.0250571	0.04537	0.0458442	0.0250765	0.0317941	0.0394328	0.0307628	0.0354179	0.0310091	
0.0603594	0.0284157	0.0479325	0.0245967	0.0730151	0.0647233	0.0604684	0.0386929	0.0551407	0.046925	0.0729846	0.061903	0.0919236	0.0376521	0.0647807	0.0453607	0.0613307	0.0608839	0.0449421	0.0620258	0.0657394	0.0252377	0.0818106	0.0603181	0.093105	0.063975	0.0943935	0.0442234	0.0707936	0.0699039	0.0541878	0.093509	0.0515554	0	0.0639204	0.0280254	0.0259067	0.0582792	0.0321615	0.0868805	0.0482101	0.0748083	0.0779004	
0.0356669	0.0414108	0.0423637	0.0679292	0.0603461	0.0233728	0.0241589	0.0300256	0.0248181	0.0317235	0.023393	0.0391459	0.0312463	0.0327402	0.0337415	0.0518403	0.0241089	0.0358477	0.0269073	0.0230576	0.0531971	0.0541647	0.0325625	0.0281887	0.0275426	0.0239618	0.0309704	0.0526258	0.0575361	0.0559741	0.0318564	0.027693	0.0250571	0.0639204	0	0.0521387	0.0539374	0.0233261	0.0368404	0.0304637	0.0399032	0.02846	0.0248561	
0.0406419	0.0253804	0.0544536	0.0256857	0.0477298	0.0505526	0.0461405	0.0347402	0.0489259	0.0471651	0.0592661	0.0410939	0.0687033	0.0368571	0.0443492	0.0296089	0.0537343	0.0409778	0.0397954	0.052042	0.0426628	0.0234122	0.0585543	0.0430674	0.0754658	0.0557418	0.0714696	0.0289913	0.0461562	0.0455411	0.0545068	0.0778214	0.04537	0.0280254	0.0521387	0	0.0231319	0.0461941	0.0263622	0.0642789	0.0534861	0.0544774	0.060698	
0.0444382	0.0251212	0.0519361	0.0245251	0.0529197	0.052932	0.0485734	0.0346979	0.0494003	0.0461181	0.0615112	0.0451646	0.0732185	0.036065	0.0482952	0.0325465	0.0545278	0.0448189	0.0400317	0.0534095	0.0473217	0.0228839	0.0631192	0.0462304	0.0786119	0.0566829	0.0759034	0.0318061	0.0511885	0.0505051	0.0534294	0.080494	0.0458442	0.0259067	0.0539374	0.0231319	0	0.048083	0.0267761	0.0686591	0.0512576	0.0583417	0.0637787	
0.0319319	0.0372801	0.0430332	0.0610614	0.05384	0.0232093	0.0232304	0.0282763	0.0253741	0.0319967	0.0245739	0.0349275	0.0313729	0.0313594	0.0306154	0.0453887	0.0252605	0.0321107	0.0260547	0.0237668	0.0472159	0.04842	0.0311157	0.0259488	0.0298946	0.0253348	0.0315585	0.0460753	0.0512614	0.0498489	0.0331268	0.0306244	0.0250765	0.0582792	0.0233261	0.0461941	0.048083	0	0.0330168	0.0301605	0.0406079	0.0273495	0.025539	
0.0350113	0.0233846	0.0412998	0.0329623	0.0495401	0.0364244	0.0337117	0.025696	0.034151	0.0339593	0.0422059	0.0367613	0.0529002	0.0274918	0.0369729	0.0327415	0.0374668	0.0353386	0.0283601	0.0364773	0.0432446	0.0268579	0.0466168	0.0335588	0.0550669	0.0389045	0.0545801	0.0325258	0.0473861	0.0463745	0.0389382	0.0562843	0.0317941	0.0321615	0.0368404	0.0263622	0.0267761	0.0330168	0	0.0495903	0.0400406	0.0419547	0.0443224	
0.0308971	0.0569546	0.0712422	0.0859386	0.0472782	0.027534	0.0277942	0.0460196	0.0393923	0.0534586	0.0286849	0.0327605	0.0229833	0.0523995	0.0281774	0.0511612	0.0372622	0.0308222	0.0420557	0.0330911	0.0432015	0.0699275	0.0236336	0.0272778	0.0279635	0.0364153	0.0233329	0.0525521	0.0453978	0.044251	0.054173	0.0309896	0.0394328	0.0868805	0.0304637	0.0642789	0.0686591	0.0301605	0.0495903	0	0.0674214	0.0236387	0.0251369	
0.0655172	0.0395611	0.0229344	0.0588291	0.0995897	0.0448199	0.0455539	0.0306466	0.0307508	0.0244733	0.0443766	0.0707862	0.0694528	0.027336	0.0653297	0.0725231	0.0330117	0.0660566	0.0302071	0.036645	0.0883515	0.0499407	0.0702728	0.0543477	0.0559865	0.0342021	0.0687606	0.0722695	0.0956045	0.0935638	0.024625	0.0525305	0.0307628	0.0482101	0.0399032	0.0534861	0.0512576	0.0406079	0.0400406	0.0674214	0	0.0609685	0.0522626	
0.0272723	0.0483184	0.0644251	0.0737353	0.0427536	0.0256548	0.0252462	0.0398293	0.0358612	0.0479556	0.0279257	0.0290074	0.0244383	0.0457048	0.0253693	0.0437922	0.0346472	0.0272536	0.0369883	0.0307545	0.0384847	0.0594803	0.0234681	0.0243554	0.0296504	0.0341815	0.0251479	0.0449399	0.0408894	0.0397973	0.04954	0.0325741	0.0354179	0.0748083	0.02846	0.0544774	0.0583417	0.0273495	0.0419547	0.0236387	0.0609685	0	0.0250584	
0.034052	0.0505561	0.055441	0.0801379	0.0563466	0.0239445	0.0249491	0.0379048	0.0305496	0.0413773	0.0237098	0.0370413	0.02532	0.0423179	0.0313243	0.0541173	0.028712	0.034106	0.0337955	0.0262494	0.0504203	0.0644753	0.0273688	0.0275075	0.0245349	0.0280489	0.0250405	0.055279	0.0538608	0.0524137	0.0411959	0.0258406	0.0310091	0.0779004	0.0248561	0.060698	0.0637787	0.025539	0.0443224	0.0251369	0.0522626	0.0250584	0	
3
2000
2000.000000
20.000000
20.000000
-90.000000