110
4073618.43196589 2252707.99251249
4528959.68537810 419106.88998466
634934.08146753 1144884.84358409
4566879.28069510 4566686.80750835
3161796.23112705 761890.09484611
487702.02499705 4129084.88744774
1392491.09433524 2691712.17630029
2734407.59602492 4980673.58313443
4787534.17717149 390877.64376592
4824442.67599638 2213391.34887723
788065.40838774 533263.85090292
4852963.90880308 4809490.40427527
4785834.74121473 23171.12067034
2426878.24361421 3874552.32355751
4001402.34444400 4086516.10326716
709431.69313608 4343473.52681755
2108806.41313137 422179.22755455
4578677.62594534 1998913.24549448
3961036.64779777 1299352.01425327
4797462.13196452 4000342.40112154
3278703.49578293 2157069.13731772
178558.39287095 4553237.97214761
4245646.52934389 909235.14151426
4669966.23878775 1319014.58260995
3393675.77428887 727694.90192359
3788700.65289167 680342.79354332
3715662.34062458 4346461.03820045
1961135.09767084 2898522.93682785
3277389.45088778 2749301.00918166
855933.43905781 724773.99111863
3530230.44009804 4265155.58860947
159164.23188710 3110275.65742533
1384614.92480445 1754761.90446135
230856.95315577 2566247.69933527
485658.90617924 2009040.16875971
4117289.14163646 379833.45845421
3474143.11487909 1199580.76776829
1585497.40030430 616594.67417583
4751110.24419178 919538.94141208
172230.40251454 1199762.62832451
2193721.79828199 2086335.34542185
1907792.28546504 248272.15162871
3827583.94074501 4513580.54957641
3975999.50568532 4723935.94860823
934363.02277189 2454320.46234040
2448821.97894116 2446263.19200009
2227931.00355450 1688597.04910689
3231565.05055632 4500269.23208831
3546824.15429036 1846233.90560108
3773433.40991180 556013.77646894
1380125.38499289 3901260.34160569
3398513.38426837 1948694.18480627
3275490.01986920 1208456.42956916
813058.67597315 2019560.72794057
594988.40779188 482272.62584194
2491820.25991071 659866.46303168
4798719.79258041 4710252.95387743
1701928.63333067 4780672.70114901
2926338.75489889 2876042.97539233
1119059.69745568 298897.71473578
3756335.29652826 1173899.56686203
1275475.57729635 1765792.85611036
2529785.25832571 4105970.20098980
3495383.61328343 77017.18825778
4454516.26267899 215119.00828904
4796457.12602722 844950.14731352
2736077.64981902 3245577.37478226
693122.21414340 3658611.92829335
746470.02779529 3238729.81568153
1287541.27061868 2254618.53215472
4203586.27991831 2735044.46143173
1271410.89485766 1481604.02803887
4071424.13034408 3723464.03537078
1217624.84362495 944775.07516272
4646318.11593614 3433877.16682658
1749918.82992404 917555.77868635
982976.25215604 1842422.98245168
1255419.28988016 3128092.80364845
3080223.38073320 3901137.17575688
2366444.24451365 405628.84432893
1758297.53531498 4646929.85484365
4154143.13948145 3878563.39304201
2926320.45576362 2433958.16201586
2748618.04145570 2179292.94290460
4585968.31914905 2233918.74714903
1429195.09410187 1531747.36008279
3786001.14555361 2542543.27690563
3768645.47139248 2553857.82086055
1902229.23487678 4088138.54161131
2839108.20362611 3974157.08441727
379271.44781532 3221590.65096846
269750.59333304 1893046.91330134
2653987.76504486 4057902.29141239
3895836.15051006 2664127.94399727
4670053.42114592 1753635.51788442
649531.04236865 4695007.80999943
2844118.30436096 4379714.05746492
2346953.20529103 2750781.71449211
59510.34750621 3112375.43000614
1685613.22199441 2935223.52265708
810911.54096621 1038711.46366514
3971422.70341954 1506231.65139745
1556075.21022402 2354616.74258795
2642665.67753106 1152440.80105779
828243.64749890 4221543.96347695
3009909.70700818 973821.44783525
1314856.42270072 1129608.90486199
3270395.49238391 853540.23573929
3446072.51570004 1138321.48908277
3740757.96411855 2178493.42051950
0	0.0327387	0.0570619	0.0380814	0.0313578	0.0653758	0.0426929	0.0474302	0.0338206	0.0244738	0.0588147	0.0420845	0.0377694	0.0374146	0.0322006	0.0636553	0.0422563	0.0237658	0.0254887	0.032762	0.0246907	0.0755135	0.0280383	0.0263504	0.0306406	0.0300054	0.0352372	0.0362041	0.0253726	0.0561491	0.0347974	0.0645758	0.0429434	0.0615995	0.0567634	0.0325789	0.0270238	0.0464946	0.0291414	0.0652511	0.0327181	0.0460893	0.0369701	0.0394294	0.0491065	0.0303414	0.0331528	0.0385051	0.0241217	0.0311287	0.0493018	0.0244248	0.0277426	0.051106	0.0625236	0.0366224	0.0405911	0.0544589	0.0276799	0.0557943	0.0264543	0.0444502	0.0386544	0.0366977	0.0346697	0.0298716	0.0306049	0.0579455	0.0545259	0.0436706	0.0235629	0.045422	0.0289412	0.049035	0.0277307	0.0421815	0.0486623	0.0460892	0.0330978	0.0399726	0.0521348	0.0302668	0.0266911	0.0278354	0.0236016	0.0430308	0.023322	0.0233715	0.0444938	0.0351725	0.0609046	0.0609342	0.0372368	0.0234215	0.0245871	0.068633	0.0392202	0.0318292	0.0665518	0.039564	0.0547193	0.0244807	0.0400302	0.0319063	0.0604594	0.0305839	0.046506	0.0301392	0.0274884	0.0231749	
0.0327387	0	0.0636582	0.0674267	0.0284571	0.0992562	0.0619417	0.0843206	0.0230327	0.0320365	0.0594554	0.0728298	0.0234851	0.0653241	0.0587568	0.0989951	0.0387562	0.0298553	0.025985	0.0566743	0.0354261	0.113787	0.0237686	0.0252283	0.0267887	0.0246198	0.0646435	0.0562825	0.0417028	0.0583971	0.0639059	0.090012	0.0535915	0.08199	0.0715794	0.0233345	0.0277269	0.046075	0.0237087	0.0733504	0.0448754	0.0414541	0.0675579	0.0714831	0.0670769	0.0453948	0.0414712	0.0702469	0.031216	0.0245434	0.0794129	0.0328671	0.0290264	0.0653504	0.0631344	0.0344346	0.0706132	0.0916809	0.045825	0.0535184	0.0261799	0.0554224	0.0683856	0.0262322	0.0229726	0.0235727	0.0524132	0.0872295	0.079949	0.0591265	0.0377468	0.0537669	0.0522234	0.0525088	0.0470928	0.0442067	0.0609369	0.0695407	0.0599958	0.0356708	0.0880747	0.0546924	0.0407533	0.0398217	0.0320097	0.0515125	0.0366793	0.0368737	0.07526	0.0631689	0.0868987	0.0751408	0.0663136	0.0376725	0.0279455	0.107206	0.0707085	0.0498723	0.0922084	0.0604761	0.0599569	0.0270913	0.0558884	0.0341381	0.0944822	0.0301728	0.0514842	0.0278677	0.0276387	0.0331312	
0.0570619	0.0636582	0	0.0920588	0.0405043	0.0466461	0.0311225	0.0721868	0.0689396	0.0711268	0.0239913	0.102021	0.070617	0.0510468	0.0743309	0.0499702	0.0303879	0.065134	0.0521192	0.0879003	0.0443155	0.0539799	0.0571646	0.065207	0.0437282	0.0497816	0.0737232	0.0360844	0.0482469	0.0234926	0.0697	0.0341202	0.0255239	0.0289971	0.0250558	0.0562094	0.0444436	0.0262248	0.066904	0.0234687	0.0320616	0.0296535	0.0781784	0.0841825	0.0279549	0.0364771	0.0307629	0.0694077	0.0467578	0.04987	0.0446707	0.0450044	0.0416521	0.0251347	0.0241157	0.0330422	0.0991414	0.060331	0.0449124	0.0255694	0.0487221	0.025132	0.0553212	0.0476519	0.0630684	0.0679348	0.0463929	0.0399624	0.0349331	0.0275487	0.0625949	0.0243395	0.0705433	0.0239395	0.0776581	0.0265393	0.0245953	0.0347259	0.0583766	0.0326725	0.0582511	0.0740127	0.0414862	0.0379247	0.0664139	0.0250885	0.0541247	0.0539301	0.0500519	0.0565886	0.0348842	0.0248394	0.0558331	0.0567853	0.0660558	0.055937	0.0627964	0.0378524	0.0344193	0.0347024	0.0229582	0.0525629	0.0293479	0.0339663	0.048111	0.0382688	0.0241787	0.0417911	0.0440301	0.051179	
0.0380814	0.0674267	0.0920588	0	0.0655529	0.0664998	0.0584164	0.0326317	0.0681282	0.0380984	0.100367	0.0232464	0.0760767	0.0366733	0.024431	0.0617609	0.0823237	0.0406642	0.0520074	0.0239231	0.0429099	0.0725251	0.0581355	0.0507835	0.064715	0.0637057	0.0250673	0.0482874	0.0364296	0.0954109	0.0261768	0.0781981	0.0694887	0.0812961	0.0822715	0.068739	0.0557559	0.0854639	0.0577734	0.100616	0.0538764	0.0884896	0.0244282	0.023923	0.0685536	0.0467867	0.0588216	0.0279085	0.0454077	0.0662108	0.0508851	0.0448396	0.0567949	0.0757984	0.105058	0.0732974	0.0230523	0.0449284	0.0379559	0.0992704	0.0548424	0.0710887	0.0348418	0.0775951	0.0717595	0.0591969	0.0367741	0.0640082	0.0653245	0.0646788	0.0325184	0.0753004	0.0255876	0.0850789	0.0265245	0.077462	0.0750235	0.0570205	0.0302755	0.079699	0.0440097	0.0246988	0.04233	0.0468462	0.0376757	0.0720252	0.0357504	0.0357023	0.0425598	0.0321155	0.0727428	0.088229	0.0336665	0.0340696	0.0440848	0.0628399	0.0312203	0.0448565	0.0803786	0.0518076	0.0905448	0.0486637	0.0593325	0.0628339	0.0596785	0.062767	0.0802743	0.0631049	0.0569567	0.0401274	
0.0313578	0.0284571	0.0405043	0.0655529	0	0.0706184	0.0413379	0.0693573	0.0306208	0.036182	0.0383133	0.0724894	0.0317051	0.0499506	0.053811	0.0714943	0.0263413	0.0326542	0.025506	0.0573406	0.0283844	0.0824594	0.0262635	0.0300907	0.0229954	0.0239975	0.0573229	0.0391448	0.0337863	0.0373525	0.0554472	0.0607641	0.034266	0.0540327	0.046111	0.0258768	0.0236778	0.0298758	0.0299979	0.0471605	0.030379	0.0280433	0.0607335	0.0653288	0.0438335	0.0321401	0.0277521	0.0593879	0.0266209	0.024046	0.0570071	0.027013	0.0234548	0.0419656	0.040853	0.0241693	0.0700731	0.0701047	0.0352718	0.0349081	0.0243532	0.0353797	0.0533684	0.024517	0.0284116	0.0303457	0.0400342	0.0606508	0.0543407	0.0384544	0.0364637	0.0341266	0.0483525	0.0333881	0.0477048	0.0285423	0.038906	0.0474249	0.0490202	0.0250287	0.0670773	0.0511384	0.0308115	0.0289867	0.0344008	0.0328058	0.0327145	0.0327654	0.0560546	0.0504416	0.0589179	0.048467	0.0522069	0.0343008	0.0319068	0.0787712	0.0574073	0.0355208	0.0623081	0.0414613	0.0380957	0.0263002	0.0368211	0.024062	0.0679508	0.0230336	0.0326773	0.0228936	0.0234844	0.0294298	
0.0653758	0.0992562	0.0466461	0.0664998	0.0706184	0	0.0309017	0.0385371	0.105069	0.0804918	0.0569824	0.0731718	0.112109	0.0334199	0.0552946	0.023113	0.0653497	0.0775172	0.0745418	0.070871	0.0536108	0.0236382	0.0854583	0.0876725	0.0743998	0.0812654	0.0505533	0.0330476	0.0485754	0.0537276	0.0475324	0.0261216	0.040272	0.0298829	0.0351915	0.0922111	0.0681649	0.0582923	0.0952791	0.0460176	0.041927	0.0671121	0.0526636	0.0557322	0.0312242	0.0408819	0.0467919	0.0434254	0.0608614	0.0831723	0.0252811	0.0575009	0.0651822	0.0353531	0.0577111	0.0645598	0.0716947	0.0282158	0.0430419	0.0621084	0.0729206	0.0396608	0.034336	0.0878637	0.101612	0.0974258	0.0387006	0.0236036	0.0253134	0.0342903	0.0638101	0.0433146	0.0569509	0.0510732	0.0688521	0.0541862	0.037759	0.0273656	0.0411277	0.0678989	0.0281708	0.0581992	0.0463741	0.0466112	0.0753242	0.0433382	0.0579244	0.0575486	0.0285009	0.037965	0.0252442	0.0366437	0.0357265	0.0588401	0.0821157	0.0238438	0.0381275	0.0374522	0.0263213	0.0308359	0.048496	0.0719254	0.034652	0.058196	0.0231989	0.0652205	0.0485624	0.0705781	0.0686514	0.0604054	
0.0426929	0.0619417	0.0311225	0.0584164	0.0413379	0.0309017	0	0.0418157	0.0664723	0.0544377	0.0365831	0.0655756	0.0709834	0.0297759	0.0461997	0.0317365	0.0382535	0.0509699	0.0456494	0.0577	0.0334689	0.0363595	0.0527016	0.0559936	0.0439265	0.0488323	0.0446257	0.0239006	0.0327033	0.0342992	0.04183	0.0276564	0.0253651	0.0267357	0.0265212	0.056353	0.0405767	0.0347926	0.0604897	0.0331266	0.0257344	0.039739	0.0474648	0.0514063	0.0236114	0.0262063	0.0276783	0.0408178	0.0374507	0.0499539	0.0270091	0.0354064	0.0384665	0.0251084	0.0378725	0.037401	0.0636251	0.035099	0.0295516	0.0386085	0.0440018	0.0253455	0.0320011	0.052553	0.0632077	0.0619301	0.0288011	0.0269	0.0249064	0.0234249	0.0440342	0.0270533	0.0448964	0.0314342	0.0522488	0.0319524	0.0253965	0.0234457	0.0347075	0.0395805	0.0337691	0.0469216	0.0296399	0.0287728	0.0504038	0.0266847	0.0384806	0.0382567	0.029069	0.0331862	0.0265743	0.0282144	0.0324407	0.0398208	0.0534694	0.0353774	0.0364058	0.0254687	0.0283668	0.0232593	0.0314027	0.0444235	0.0232452	0.0337044	0.0302908	0.0380016	0.0297137	0.0414687	0.0407588	0.0385498	
0.0474302	0.0843206	0.0721868	0.0326317	0.0693573	0.0385371	0.0418157	0	0.0874106	0.0544855	0.0831842	0.0352521	0.0960349	0.0266042	0.029601	0.035223	0.0772637	0.0551547	0.062078	0.0370882	0.0449674	0.0409779	0.0715405	0.067303	0.0707019	0.0733847	0.0267356	0.0363448	0.0372362	0.0784262	0.0261199	0.0497012	0.0549944	0.0546644	0.0591555	0.0819806	0.0615465	0.0752691	0.0757511	0.0764938	0.0459898	0.0819777	0.0268699	0.0274102	0.0484141	0.0404347	0.052138	0.024223	0.0505982	0.0759919	0.0312104	0.0484429	0.0607434	0.0555757	0.086255	0.0712125	0.0347692	0.0260094	0.0351169	0.085554	0.0632734	0.0555862	0.0251637	0.085792	0.088366	0.0777213	0.031241	0.0389057	0.0416771	0.0481658	0.0422307	0.0603971	0.0322009	0.0708673	0.0392517	0.0681085	0.0567215	0.0381378	0.0265117	0.0770045	0.0258915	0.0318315	0.0404807	0.0438902	0.0518318	0.0584324	0.0418421	0.0416071	0.0270814	0.0257784	0.0459171	0.0634532	0.0253085	0.0409785	0.0598386	0.0350167	0.023921	0.0368405	0.051005	0.0372623	0.0724789	0.0584406	0.0450074	0.0610966	0.0344395	0.0647561	0.0665362	0.0677167	0.0626105	0.0464878	
0.0338206	0.0230327	0.0689396	0.0681282	0.0306208	0.105069	0.0664723	0.0874106	0	0.0320797	0.0644703	0.0731965	0.0232301	0.0686814	0.0601268	0.104557	0.0421669	0.0302113	0.0271351	0.057003	0.0375552	0.120038	0.0244654	0.0253576	0.0286484	0.0259402	0.0664111	0.0601295	0.0438768	0.0633559	0.0659017	0.096113	0.058035	0.087938	0.0771483	0.0241407	0.0295307	0.050141	0.0236537	0.0792023	0.0483629	0.0450805	0.0692018	0.0729625	0.0721462	0.0485958	0.0448822	0.0726505	0.0329733	0.0258676	0.0840861	0.0348264	0.0310905	0.0705198	0.068376	0.0374159	0.0710361	0.0960499	0.0484585	0.0581005	0.0276016	0.0599998	0.0716369	0.0278551	0.0232493	0.0234371	0.0553195	0.0927316	0.0853372	0.0637412	0.0387015	0.0583175	0.0534607	0.0570599	0.0475433	0.0481143	0.0658788	0.074286	0.0625274	0.0387685	0.0923575	0.0558404	0.0433529	0.0426273	0.0323862	0.0558778	0.0381724	0.0383907	0.0792997	0.0660147	0.09274	0.0809603	0.0694027	0.0390306	0.0281386	0.112884	0.0735911	0.0532255	0.0984331	0.0646685	0.0650113	0.0282464	0.0601839	0.036992	0.099881	0.0325528	0.055941	0.0299028	0.029474	0.0346551	
0.0244738	0.0320365	0.0711268	0.0380984	0.036182	0.0804918	0.0544377	0.0544855	0.0320797	0	0.0721721	0.0410436	0.0359911	0.0455771	0.0343766	0.078004	0.050847	0.023146	0.0273366	0.0317339	0.0295674	0.0917886	0.0285922	0.0252114	0.0345575	0.0323476	0.038554	0.0459857	0.0303499	0.0693182	0.0388278	0.0807191	0.0545274	0.077398	0.0715562	0.0335177	0.0308111	0.0570335	0.0276097	0.0809693	0.0415498	0.0553465	0.039865	0.0417709	0.0624125	0.0383418	0.041757	0.0436831	0.0278522	0.0334898	0.0612177	0.0287774	0.0323105	0.0647511	0.0765557	0.0439072	0.0397365	0.0652798	0.0339951	0.0679022	0.0291006	0.0564188	0.0464428	0.0399839	0.0342283	0.0281455	0.0376353	0.0722745	0.068613	0.0557054	0.024738	0.057332	0.030801	0.0609836	0.027171	0.0522329	0.0616729	0.0583722	0.0388436	0.0476195	0.0627433	0.0318095	0.0329576	0.034705	0.0230023	0.0544006	0.0262362	0.0263594	0.0545557	0.0418202	0.0762859	0.0764637	0.0445689	0.0258952	0.0235213	0.083235	0.0458498	0.0402329	0.0830486	0.0503163	0.0681338	0.0263512	0.0511479	0.0388306	0.0743705	0.0360712	0.0581647	0.0345836	0.0313624	0.026205	
0.0588147	0.0594554	0.0239913	0.100367	0.0383133	0.0569824	0.0365831	0.0831842	0.0644703	0.0721721	0	0.110827	0.065034	0.0590615	0.0816622	0.0607471	0.0278234	0.0657176	0.0510278	0.0943397	0.0464243	0.0657545	0.0546619	0.0636491	0.0412666	0.0468964	0.0820577	0.0416366	0.0521715	0.0229554	0.0779444	0.0418065	0.0280753	0.0350568	0.0292317	0.0521708	0.043406	0.0246959	0.0640688	0.0252106	0.0349101	0.0266516	0.0869178	0.0934264	0.0331183	0.0402095	0.0323075	0.0785905	0.0476828	0.04661	0.0536495	0.0463679	0.0407922	0.0290686	0.0229513	0.0309938	0.107695	0.0715781	0.0495253	0.0233155	0.047394	0.0278234	0.0639265	0.0430949	0.0582957	0.0648398	0.0522821	0.0488054	0.042539	0.0317838	0.0657095	0.0260852	0.0767358	0.0238652	0.0825227	0.025916	0.0278101	0.0415877	0.0659159	0.0298806	0.0690662	0.0806012	0.0447522	0.0405598	0.0677062	0.0268554	0.0569941	0.0568482	0.059133	0.0645462	0.0427264	0.0288167	0.064193	0.0599344	0.0658228	0.0677634	0.0719424	0.0426065	0.0421825	0.0406162	0.0235817	0.0521031	0.0336377	0.0334138	0.0584483	0.0368618	0.0246681	0.0398131	0.0428212	0.0529725	
0.0420845	0.0728298	0.102021	0.0232464	0.0724894	0.0731718	0.0655756	0.0352521	0.0731965	0.0410436	0.110827	0	0.0815689	0.0410938	0.0264077	0.0678796	0.0910988	0.0442145	0.0572243	0.0247386	0.0481375	0.0791045	0.0633855	0.0549654	0.0713671	0.0698582	0.0271335	0.0544563	0.0410082	0.105556	0.0286199	0.0865172	0.0777326	0.090156	0.091436	0.0747687	0.061768	0.0947353	0.062291	0.111145	0.0606553	0.09774	0.026102	0.0250767	0.0765983	0.0528201	0.0660011	0.030469	0.0506037	0.0725249	0.0566446	0.0501298	0.0630739	0.0845087	0.115841	0.0812751	0.0228718	0.0491934	0.04287	0.109546	0.0604877	0.0794672	0.038847	0.0848411	0.0775006	0.0637344	0.0415245	0.0709658	0.0727062	0.0724807	0.0357979	0.0840099	0.0279161	0.094477	0.0283152	0.0861646	0.0837088	0.0638557	0.0337984	0.0881381	0.0483653	0.0267074	0.0477348	0.0527734	0.0409515	0.0804636	0.0398466	0.0398107	0.0474096	0.0358725	0.0806354	0.0978205	0.0375666	0.0378752	0.047777	0.068615	0.034467	0.0506833	0.0888295	0.058298	0.100389	0.0536362	0.0666607	0.0700491	0.0657852	0.0696761	0.0893279	0.0697875	0.0630763	0.0446867	
0.0377694	0.0234851	0.070617	0.0760767	0.0317051	0.112109	0.0709834	0.0960349	0.0232301	0.0359911	0.065034	0.0815689	0	0.0753499	0.0672333	0.111985	0.0425504	0.033742	0.0293397	0.0639768	0.0412614	0.127825	0.0259274	0.0276462	0.0296817	0.026906	0.0739589	0.0650446	0.0486288	0.0642718	0.073302	0.101321	0.0608541	0.0921724	0.080388	0.0244993	0.0314936	0.0508753	0.0251572	0.0809673	0.0518387	0.045133	0.077043	0.081173	0.0762075	0.0527401	0.0476367	0.0804497	0.0361491	0.0265785	0.0907529	0.0381712	0.0330496	0.0737914	0.0688436	0.0382639	0.0792359	0.104288	0.0534044	0.0582385	0.0295445	0.0628331	0.0787171	0.0275785	0.0232634	0.024789	0.0609008	0.0989393	0.0907969	0.0674604	0.0434939	0.0606329	0.0599438	0.0583894	0.0535449	0.0494135	0.0688372	0.0795706	0.0692752	0.0391265	0.10036	0.0625929	0.0475177	0.04632	0.0363292	0.0582926	0.0426049	0.0428416	0.0863202	0.0728783	0.0981552	0.083983	0.0764042	0.0436822	0.0312338	0.120937	0.0811649	0.0579047	0.103642	0.069632	0.0665001	0.0308425	0.0640989	0.0387855	0.107097	0.0340368	0.0576137	0.031175	0.0313162	0.0384453	
0.0374146	0.0653241	0.0510468	0.0366733	0.0499506	0.0334199	0.0297759	0.0266042	0.0686814	0.0455771	0.0590615	0.0410938	0.0753499	0	0.0299254	0.0316683	0.0544703	0.0446588	0.0467942	0.0381796	0.0330211	0.0378671	0.054674	0.0533178	0.0514895	0.0545646	0.0281738	0.026188	0.0284651	0.0553978	0.0267492	0.0384168	0.0380346	0.0405107	0.0423519	0.0621124	0.0449246	0.0527129	0.0597727	0.0550183	0.0318899	0.0579832	0.0295071	0.0315387	0.0345318	0.028605	0.0360421	0.0258207	0.037483	0.0564951	0.0259823	0.0356086	0.0438397	0.039245	0.0615952	0.0502281	0.0399671	0.026684	0.0264038	0.0606766	0.0469868	0.0385364	0.0230224	0.063341	0.0681697	0.0614204	0.0242612	0.031354	0.0318254	0.0336778	0.0350876	0.0418703	0.0304766	0.0494874	0.0368341	0.0473458	0.0396832	0.0283	0.024078	0.0545132	0.0258334	0.031168	0.0293828	0.0311517	0.0426214	0.0403813	0.0328775	0.0326724	0.0237698	0.0233603	0.0355192	0.0457603	0.023084	0.0328815	0.0481793	0.0334383	0.0240829	0.0264676	0.0396079	0.0269218	0.0510245	0.0442656	0.0313969	0.0428863	0.0303376	0.0462055	0.0462492	0.0489606	0.0456229	0.0354767	
0.0322006	0.0587568	0.0743309	0.024431	0.053811	0.0552946	0.0461997	0.029601	0.0601268	0.0343766	0.0816622	0.0264077	0.0672333	0.0299254	0	0.0516554	0.0669428	0.0357094	0.0436903	0.024691	0.0345328	0.0615167	0.0497632	0.0445509	0.0535414	0.053532	0.023271	0.0380194	0.029349	0.0773232	0.0235756	0.0637221	0.0551357	0.0657458	0.0661145	0.0588187	0.0458441	0.0690994	0.050869	0.0817728	0.0424032	0.0721725	0.0234556	0.0240185	0.054598	0.036784	0.0465649	0.025041	0.0371098	0.055718	0.0414688	0.036346	0.0463482	0.060532	0.0857163	0.059489	0.0257804	0.0385281	0.0301885	0.0809283	0.045668	0.0564713	0.0289491	0.0652576	0.0624181	0.052253	0.0293377	0.0522226	0.0526905	0.0511952	0.0281288	0.0600335	0.0232345	0.0684609	0.0252628	0.0622146	0.0598044	0.0454527	0.0253793	0.0649834	0.0374236	0.0230295	0.0335834	0.0370614	0.0332833	0.0572908	0.0296703	0.0295967	0.0349593	0.0267313	0.0591066	0.0712331	0.0279882	0.0285881	0.0388401	0.0534263	0.0269035	0.0352621	0.0656444	0.0409089	0.0730476	0.0408325	0.0467784	0.0505229	0.049592	0.0510715	0.0643327	0.051866	0.0468323	0.0331094	
0.0636553	0.0989951	0.0499702	0.0617609	0.0714943	0.023113	0.0317365	0.035223	0.104557	0.078004	0.0607471	0.0678796	0.111985	0.0316683	0.0516554	0	0.0677522	0.0755237	0.0739675	0.0664962	0.0528624	0.0237841	0.0849878	0.0863055	0.0750558	0.081537	0.0469269	0.0329659	0.0471772	0.0572239	0.044185	0.0280081	0.0421174	0.0322528	0.0378256	0.0924403	0.0682316	0.06108	0.0942477	0.0498056	0.0424787	0.0699183	0.0487419	0.0514335	0.0328722	0.040745	0.0477325	0.0401268	0.0601549	0.083592	0.0247031	0.0568469	0.0654589	0.0375952	0.0617415	0.0662875	0.0665635	0.0262066	0.0418876	0.0657413	0.0727043	0.0416219	0.032206	0.0890925	0.101647	0.096424	0.0373376	0.0241981	0.0263347	0.0357257	0.0614273	0.0455729	0.0536331	0.0539403	0.0652434	0.0564791	0.0399828	0.0278747	0.03865	0.0700314	0.0262516	0.0546266	0.0457126	0.0464292	0.073071	0.045363	0.0562007	0.0558313	0.0270782	0.0356583	0.0267427	0.0396405	0.0335199	0.0568651	0.0802857	0.0232066	0.035359	0.0370906	0.0283234	0.0310404	0.0517278	0.0711189	0.0356595	0.0592371	0.0229193	0.0660408	0.051131	0.0712371	0.0688143	0.059127	
0.0422563	0.0387562	0.0303879	0.0823237	0.0263413	0.0653497	0.0382535	0.0772637	0.0421669	0.050847	0.0278234	0.0910988	0.0425504	0.0544703	0.0669428	0.0677522	0	0.0457776	0.0344142	0.0744444	0.0348853	0.0763243	0.0360036	0.0426484	0.027789	0.0309125	0.0693602	0.0395269	0.0411482	0.0275593	0.0663946	0.0519681	0.0293159	0.0445961	0.0369195	0.0339789	0.0297743	0.023743	0.0423022	0.0348232	0.0306099	0.0230414	0.0736062	0.0792918	0.0378498	0.0344468	0.0274395	0.0691353	0.034138	0.030643	0.0560158	0.033867	0.0284372	0.0344946	0.0293023	0.0234282	0.0882525	0.0722883	0.0409127	0.0256958	0.0319632	0.0298593	0.0588052	0.0286084	0.0379444	0.0427469	0.0452128	0.0556232	0.0488361	0.0339697	0.0487055	0.0280082	0.0613129	0.0259004	0.0632071	0.023924	0.031977	0.0444081	0.0570493	0.0230297	0.0693339	0.0647542	0.0357731	0.0325448	0.0478964	0.0276473	0.0425073	0.0424821	0.05814	0.0573078	0.0514658	0.0379453	0.0582246	0.0448417	0.0451303	0.075322	0.0649354	0.037772	0.0530017	0.0404081	0.0286713	0.0355862	0.0339896	0.0251959	0.0646172	0.0260383	0.0260791	0.02721	0.0293184	0.0384721	
0.0237658	0.0298553	0.065134	0.0406642	0.0326542	0.0775172	0.0509699	0.0551547	0.0302113	0.023146	0.0657176	0.0442145	0.033742	0.0446588	0.0357094	0.0755237	0.0457776	0	0.0253451	0.0340261	0.027708	0.088899	0.0265489	0.0242019	0.031267	0.0294863	0.0397904	0.0434107	0.0291963	0.0631397	0.0397368	0.0762642	0.0500338	0.0724455	0.066305	0.0307657	0.0281056	0.0515717	0.0262588	0.0745021	0.0383362	0.0498736	0.0414231	0.0437392	0.0581563	0.0358279	0.0381452	0.0444625	0.0259587	0.0304848	0.0590608	0.02682	0.0293784	0.0598881	0.069827	0.0395112	0.0427407	0.0644649	0.0325522	0.0615843	0.0267127	0.051813	0.0459085	0.0361714	0.031743	0.0267746	0.0363868	0.0690377	0.0649857	0.0516399	0.0248094	0.0524189	0.0318344	0.0554454	0.0286687	0.0472673	0.0568154	0.0552222	0.0387735	0.0428248	0.0618528	0.0331222	0.0309958	0.032237	0.0229964	0.0497194	0.0254953	0.0256091	0.0532322	0.0415262	0.0722088	0.0708399	0.0441359	0.0254525	0.0230352	0.0810597	0.0460086	0.0379462	0.0784789	0.0474587	0.062231	0.0246062	0.0474998	0.0351126	0.071901	0.032585	0.0529297	0.0312758	0.0285581	0.0249571	
0.0254887	0.025985	0.0521192	0.0520074	0.025506	0.0745418	0.0456494	0.062078	0.0271351	0.0273366	0.0510278	0.0572243	0.0293397	0.0467942	0.0436903	0.0739675	0.0344142	0.0253451	0	0.0442667	0.026277	0.0864577	0.0235154	0.024295	0.0247126	0.0240356	0.0477093	0.0405695	0.0300494	0.0492997	0.0467848	0.0687435	0.0413139	0.063232	0.0558825	0.0253424	0.0235556	0.0394109	0.0250542	0.0603499	0.0332006	0.0373583	0.0502551	0.0537353	0.0506235	0.0328261	0.0316298	0.0513395	0.024202	0.0245382	0.0580125	0.0249677	0.0242239	0.0504559	0.0544146	0.0300434	0.0552646	0.0674747	0.0327044	0.0470295	0.0230033	0.0428178	0.0491826	0.0276969	0.0268863	0.0254402	0.037274	0.0650416	0.0596738	0.0444334	0.0288232	0.0424003	0.0388377	0.0433881	0.0365872	0.0366108	0.0472483	0.0510531	0.0431139	0.0321294	0.0645757	0.0409122	0.0294734	0.0291631	0.0264528	0.0403299	0.0273233	0.0274195	0.0544602	0.045336	0.0657354	0.0593822	0.0476404	0.0281275	0.024885	0.0805396	0.0512337	0.0357635	0.0706684	0.0439048	0.0493489	0.0229602	0.0414482	0.0278317	0.0702829	0.0257405	0.0417925	0.0247899	0.0236836	0.0252047	
0.032762	0.0566743	0.0879003	0.0239231	0.0573406	0.070871	0.0577	0.0370882	0.057003	0.0317339	0.0943397	0.0247386	0.0639768	0.0381796	0.024691	0.0664962	0.0744444	0.0340261	0.0442667	0	0.0383586	0.0784228	0.0490149	0.0422421	0.0561309	0.0545205	0.0265259	0.0474899	0.0335542	0.0898334	0.0276002	0.0800689	0.0661489	0.0815619	0.0806887	0.0583624	0.0483452	0.0787355	0.0480863	0.0971433	0.0504924	0.0803708	0.0262849	0.026269	0.0676998	0.0441036	0.0542857	0.0304078	0.039657	0.0567112	0.0536346	0.0395586	0.0496524	0.0738669	0.0991135	0.0656127	0.0242979	0.0498556	0.0359034	0.0922124	0.0470167	0.0679083	0.0369216	0.0671383	0.0605512	0.0492609	0.0360448	0.0668262	0.0668963	0.0628524	0.0283665	0.0713337	0.0245842	0.0796877	0.0238359	0.0713684	0.0723996	0.0577014	0.0311014	0.0714694	0.0484953	0.0240812	0.0390097	0.043034	0.0316562	0.0680117	0.0316112	0.031618	0.0452767	0.0334482	0.074679	0.0865709	0.0354633	0.0301272	0.0366871	0.0686297	0.0337765	0.0431685	0.0823672	0.0514407	0.085888	0.0414624	0.057471	0.0563138	0.063941	0.0553129	0.0752802	0.0550091	0.0494153	0.0350364	
0.0246907	0.0354261	0.0443155	0.0429099	0.0283844	0.0536108	0.0334689	0.0449674	0.0375552	0.0295674	0.0464243	0.0481375	0.0412614	0.0330211	0.0345328	0.0528624	0.0348853	0.027708	0.026277	0.0383586	0	0.0628161	0.0298384	0.0302344	0.0286485	0.029699	0.0364786	0.0292764	0.0238562	0.0440781	0.0352249	0.0509911	0.0332183	0.0479931	0.0438264	0.0335171	0.0255833	0.0371478	0.0330853	0.0508053	0.0262235	0.0378862	0.0387491	0.0419057	0.0380462	0.0250652	0.0266197	0.0378078	0.0233272	0.030695	0.0408016	0.0230037	0.0254273	0.0393823	0.0493896	0.0308373	0.0463967	0.0477714	0.0246909	0.0445785	0.0262588	0.0343238	0.0348341	0.0348723	0.0369221	0.0339509	0.027054	0.0466785	0.043209	0.0338157	0.0262439	0.0351675	0.0314332	0.0383936	0.032555	0.0335484	0.0374857	0.0366154	0.031431	0.033618	0.0455855	0.0331665	0.0234214	0.0236556	0.0277077	0.033384	0.0240156	0.0239912	0.0381489	0.0325401	0.0482042	0.0471459	0.0338931	0.0246819	0.0287645	0.0578186	0.0368575	0.0263314	0.0525959	0.0315984	0.042589	0.0254374	0.03123	0.0268716	0.0500469	0.0270346	0.0362899	0.0276646	0.0258963	0.0234595	
0.0755135	0.113787	0.0539799	0.0725251	0.0824594	0.0236382	0.0363595	0.0409779	0.120038	0.0917886	0.0657545	0.0791045	0.127825	0.0378671	0.0615167	0.0237841	0.0763243	0.088899	0.0864577	0.0784228	0.0628161	0	0.0985786	0.100576	0.0866471	0.0941836	0.0558121	0.0389082	0.056573	0.0622258	0.052699	0.0287203	0.0475592	0.0337537	0.0405962	0.106218	0.0795793	0.0681048	0.109116	0.0525203	0.0497423	0.0781336	0.0577266	0.0605617	0.0364585	0.0483401	0.0554409	0.0476548	0.0710757	0.0963195	0.0281329	0.0672971	0.0762922	0.041254	0.0662882	0.0756264	0.0777566	0.0295127	0.050291	0.0718468	0.0847945	0.0467631	0.0384212	0.101571	0.116449	0.111481	0.0449211	0.0258942	0.0286324	0.0404572	0.0731426	0.0509636	0.0640389	0.0596889	0.0773691	0.0636511	0.0442683	0.0317251	0.0464367	0.0792868	0.0298718	0.0650791	0.0545244	0.0550255	0.0862348	0.051126	0.0670603	0.0666368	0.0317163	0.0427769	0.0279805	0.0419312	0.0400942	0.0678817	0.0941316	0.0235408	0.0420608	0.0441536	0.0287416	0.036229	0.056309	0.0834368	0.0410202	0.0685039	0.0243787	0.0764165	0.056963	0.0823932	0.0801486	0.070221	
0.0280383	0.0237686	0.0571646	0.0581355	0.0262635	0.0854583	0.0527016	0.0715405	0.0244654	0.0285922	0.0546619	0.0633855	0.0259274	0.054674	0.0497632	0.0849878	0.0360036	0.0265489	0.0235154	0.0490149	0.0298384	0.0985786	0	0.0238481	0.0250267	0.0235968	0.0546599	0.0472801	0.0347397	0.053222	0.0538512	0.0781853	0.0465781	0.0715498	0.0628025	0.0236999	0.0248007	0.0421296	0.0235805	0.0661164	0.0380766	0.0388739	0.0573484	0.0609989	0.0578142	0.0380638	0.0356758	0.0592466	0.0267391	0.0238475	0.0673261	0.0279378	0.0257973	0.0569707	0.0582093	0.031584	0.0613211	0.0779742	0.0381103	0.0497462	0.0237367	0.048244	0.0573414	0.026429	0.0243595	0.0237311	0.0436067	0.0748094	0.0685872	0.0507897	0.032113	0.0472736	0.0441522	0.0472646	0.0405111	0.0397203	0.053201	0.0590987	0.0501554	0.033313	0.0747543	0.0463867	0.0340574	0.0334968	0.0281378	0.0450975	0.0308863	0.0310302	0.0634259	0.0528387	0.0750974	0.0663616	0.0555449	0.0317556	0.0254082	0.0922931	0.0594584	0.041703	0.0802456	0.0510373	0.0539523	0.0240896	0.047653	0.0302094	0.0809187	0.0271985	0.0459096	0.0255811	0.0248357	0.0281249	
0.0263504	0.0252283	0.065207	0.0507835	0.0300907	0.0876725	0.0559936	0.067303	0.0253576	0.0252114	0.0636491	0.0549654	0.0276462	0.0533178	0.0445509	0.0863055	0.0426484	0.0242019	0.024295	0.0422421	0.0302344	0.100576	0.0238481	0	0.028435	0.0262301	0.049564	0.0489469	0.0338442	0.0616866	0.0493173	0.0831552	0.0518582	0.0774864	0.0693666	0.0262384	0.0269565	0.0493898	0.0233204	0.0749687	0.0409921	0.0462614	0.0516851	0.0546087	0.0625444	0.0396567	0.039387	0.0548962	0.0272213	0.0267938	0.0681406	0.0285298	0.028375	0.0628509	0.0676796	0.0369877	0.0532041	0.0763263	0.0377341	0.0585599	0.0253023	0.0537207	0.0552936	0.0310029	0.0264557	0.0235374	0.0428737	0.077555	0.0720828	0.0552149	0.029104	0.0533541	0.0394894	0.0545676	0.0351351	0.0460365	0.0591064	0.0617663	0.0473269	0.0394916	0.073257	0.0412418	0.0346342	0.0350256	0.0252692	0.0507578	0.0292564	0.0294168	0.0627559	0.0503885	0.0793865	0.0736004	0.0533265	0.0296114	0.0233866	0.0930243	0.0561831	0.0428603	0.085416	0.0532076	0.0618636	0.0243526	0.0513162	0.0342488	0.0822359	0.0308754	0.0526383	0.0289749	0.0271967	0.0273954	
0.0306406	0.0267887	0.0437282	0.064715	0.0229954	0.0743998	0.0439265	0.0707019	0.0286484	0.0345575	0.0412666	0.0713671	0.0296817	0.0514895	0.0535414	0.0750558	0.027789	0.031267	0.0247126	0.0561309	0.0286485	0.0866471	0.0250267	0.028435	0	0.0232974	0.0574313	0.0411058	0.0341501	0.0402676	0.0557579	0.064776	0.0367585	0.0578939	0.0496205	0.024701	0.0235037	0.0319697	0.0281621	0.0508911	0.0319803	0.0296906	0.0607404	0.0652001	0.0469066	0.0334758	0.029267	0.0600839	0.0264825	0.0233423	0.059752	0.0270862	0.02355	0.0451194	0.0440054	0.0251949	0.068995	0.0726022	0.0360837	0.0374553	0.023798	0.0379944	0.0548199	0.0240957	0.0267999	0.0284431	0.0411252	0.0641394	0.0577167	0.0411126	0.0356938	0.0367092	0.0479352	0.0359485	0.046558	0.0305053	0.0418518	0.050217	0.0497992	0.0261582	0.0694916	0.0506527	0.0315616	0.0299231	0.0330609	0.0352207	0.0324133	0.0324878	0.0582278	0.0515139	0.0627004	0.0521952	0.0535072	0.0338891	0.030353	0.0824492	0.0585341	0.0370131	0.0664305	0.0437435	0.0411129	0.0255407	0.0391886	0.0249857	0.0713618	0.0234418	0.035161	0.0229254	0.0233355	0.0291112	
0.0300054	0.0246198	0.0497816	0.0637057	0.0239975	0.0812654	0.0488323	0.0733847	0.0259402	0.0323476	0.0468964	0.0698582	0.026906	0.0545646	0.053532	0.081537	0.0309125	0.0294863	0.0240356	0.0545205	0.029699	0.0941836	0.0235968	0.0262301	0.0232974	0	0.0580494	0.0449453	0.0353165	0.0458203	0.0567254	0.0720802	0.0415425	0.0649656	0.0561176	0.0234139	0.0239077	0.0361476	0.0256638	0.0578061	0.0352605	0.033152	0.0611752	0.0653911	0.0526424	0.0362935	0.0324267	0.0616922	0.0268827	0.0228803	0.0648676	0.0278352	0.0244079	0.0510109	0.0499766	0.0276177	0.067567	0.077254	0.0379953	0.0424136	0.0235487	0.042984	0.0577337	0.0241427	0.0247442	0.0258309	0.0434815	0.0705288	0.0639332	0.0461545	0.034926	0.0416578	0.0476977	0.0408883	0.0450912	0.0344478	0.0473978	0.0554482	0.0515856	0.0287635	0.074009	0.0502882	0.033403	0.032095	0.0313451	0.0398846	0.0324673	0.0325813	0.0623653	0.0537931	0.069609	0.0590709	0.0561677	0.0337431	0.0282979	0.0891116	0.0608813	0.0400741	0.073923	0.0481218	0.0468206	0.0249033	0.0437362	0.0272125	0.0775931	0.0248381	0.0399612	0.0237053	0.0237879	0.0291699	
0.0352372	0.0646435	0.0737232	0.0250673	0.0573229	0.0505533	0.0446257	0.0267356	0.0664111	0.038554	0.0820577	0.0271335	0.0739589	0.0281738	0.023271	0.0469269	0.0693602	0.0397904	0.0477093	0.0265259	0.0364786	0.0558121	0.0546599	0.049564	0.0574313	0.0580494	0	0.0369775	0.0305189	0.077569	0.0229546	0.0598794	0.0547989	0.0627175	0.0641723	0.0641698	0.0492728	0.0705209	0.0564701	0.0804434	0.0428041	0.0745222	0.022953	0.0234488	0.0526968	0.037084	0.0475377	0.0235875	0.0398522	0.0603645	0.038225	0.0387373	0.0494746	0.0590356	0.0859045	0.0621579	0.0265687	0.0345292	0.0306329	0.0820918	0.0495404	0.055964	0.0270119	0.0700919	0.0684459	0.0580066	0.0289642	0.0483793	0.0494806	0.0500589	0.0307669	0.0598918	0.0243287	0.0689372	0.0276637	0.063487	0.0587808	0.0430936	0.0245793	0.0677914	0.0336759	0.0240307	0.0346271	0.0381699	0.0370962	0.0573094	0.0319086	0.0317937	0.0321664	0.0254474	0.0554176	0.0691406	0.0263027	0.0308424	0.0433409	0.0481604	0.0250321	0.0349936	0.0616627	0.0394196	0.0728257	0.044618	0.0458922	0.0527908	0.0451815	0.0540998	0.0647094	0.0554224	0.050295	0.035734	
0.0362041	0.0562825	0.0360844	0.0482874	0.0391448	0.0330476	0.0239006	0.0363448	0.0601295	0.0459857	0.0416366	0.0544563	0.0650446	0.026188	0.0380194	0.0329659	0.0395269	0.0434107	0.0405695	0.0474899	0.0292764	0.0389082	0.0472801	0.0489469	0.0411058	0.0449453	0.0369775	0	0.0278182	0.0389887	0.0347566	0.0319967	0.027502	0.0314931	0.0311269	0.0518819	0.0369793	0.0374307	0.0536657	0.0393503	0.0248983	0.0417812	0.039366	0.0427203	0.0264181	0.0241206	0.0272093	0.0343597	0.0328782	0.0462504	0.0266741	0.031127	0.0354266	0.0287426	0.043523	0.0372868	0.0527433	0.0328461	0.0255186	0.0429137	0.0396383	0.0278138	0.0278914	0.0501684	0.0579788	0.0550642	0.0249189	0.0290027	0.027365	0.0253379	0.0366645	0.0298148	0.0368701	0.0348627	0.0429899	0.0338014	0.0286919	0.0244321	0.0291995	0.0401089	0.0314764	0.038529	0.0261258	0.0260977	0.0425652	0.0289081	0.0324381	0.0322483	0.0268851	0.0282954	0.0301496	0.0335436	0.0280098	0.0333476	0.0459374	0.0363824	0.0311414	0.0233336	0.0329853	0.0230608	0.0359474	0.0390746	0.0241711	0.0325888	0.0313036	0.0360065	0.0326781	0.0388574	0.0373133	0.0330481	
0.0253726	0.0417028	0.0482469	0.0364296	0.0337863	0.0485754	0.0327033	0.0372362	0.0438768	0.0303499	0.0521715	0.0410082	0.0486288	0.0284651	0.029349	0.0471772	0.0411482	0.0291963	0.0300494	0.0335542	0.0238562	0.056573	0.0347397	0.0338442	0.0341501	0.0353165	0.0305189	0.0278182	0	0.0492753	0.0294837	0.0490002	0.0353946	0.0476325	0.0451533	0.0399562	0.0296978	0.0427694	0.0378783	0.0545283	0.027428	0.0446145	0.0323272	0.0349084	0.0380266	0.0250823	0.0291144	0.0313955	0.025394	0.0366678	0.0363272	0.0247325	0.0295177	0.0406948	0.0552615	0.0364747	0.0395417	0.0407028	0.023242	0.0510486	0.0304331	0.0364539	0.0295865	0.042198	0.0437872	0.0389562	0.0243993	0.0430116	0.0407972	0.0344248	0.0253087	0.0381679	0.0273326	0.0429954	0.0294315	0.0383175	0.0393523	0.0344979	0.0267371	0.0399635	0.03889	0.0286145	0.0234849	0.0245862	0.0284334	0.0362528	0.0237134	0.02365	0.033043	0.0276455	0.0458689	0.0488111	0.0287712	0.0239688	0.0310263	0.0511207	0.0307972	0.0253305	0.0506029	0.0300456	0.0468562	0.0285677	0.0315318	0.0310855	0.0447037	0.0318142	0.0403576	0.0328041	0.0301958	0.0244028	
0.0561491	0.0583971	0.0234926	0.0954109	0.0373525	0.0537276	0.0342992	0.0784262	0.0633559	0.0693182	0.0229554	0.105556	0.0642718	0.0553978	0.0773232	0.0572239	0.0275593	0.0631397	0.0492997	0.0898334	0.0440781	0.0622258	0.053222	0.0616866	0.0402676	0.0458203	0.077569	0.0389887	0.0492753	0	0.0735874	0.039584	0.0266666	0.0333043	0.0279056	0.0512825	0.0419197	0.0244127	0.0624613	0.0248393	0.0329363	0.0266473	0.0822415	0.088511	0.0312058	0.0378286	0.0307037	0.0741122	0.0455537	0.0456601	0.050295	0.0441841	0.0393561	0.0276066	0.0232059	0.0303493	0.102533	0.0673326	0.0466141	0.023566	0.0458483	0.026441	0.0600231	0.0427061	0.0574574	0.0632891	0.0490908	0.0458989	0.0399877	0.0299326	0.0625552	0.0249886	0.0727085	0.0233584	0.0785867	0.0252472	0.0264565	0.0389598	0.0620281	0.029543	0.0649225	0.0764061	0.0422473	0.038342	0.0649053	0.0256535	0.0541421	0.0539907	0.055443	0.0606661	0.0403223	0.0276901	0.0602943	0.0569372	0.0634484	0.0639453	0.0676942	0.039977	0.0399953	0.0380206	0.023129	0.0501738	0.0316068	0.03222	0.0549937	0.0357365	0.0239248	0.0387278	0.0414029	0.0504737	
0.0347974	0.0639059	0.0697	0.0261768	0.0554472	0.0475324	0.04183	0.0261199	0.0659017	0.0388278	0.0779444	0.0286199	0.073302	0.0267492	0.0235756	0.044185	0.0663946	0.0397368	0.0467848	0.0276002	0.0352249	0.052699	0.0538512	0.0493173	0.0557579	0.0567254	0.0229546	0.0347566	0.0294837	0.0735874	0	0.0561736	0.0516621	0.0588668	0.0603361	0.0630352	0.0478511	0.0671535	0.0561381	0.0760305	0.040509	0.0713103	0.0232736	0.024025	0.0494159	0.0351473	0.0451351	0.0232572	0.0387414	0.0589788	0.0358777	0.0375222	0.0478699	0.0554902	0.0815998	0.0596282	0.0279628	0.0328428	0.0292998	0.0781879	0.0483745	0.0527344	0.0257845	0.0682665	0.067559	0.057687	0.0275842	0.0453457	0.0463296	0.0470147	0.0306586	0.0565566	0.0245341	0.0653596	0.0283197	0.0603773	0.0553204	0.0403388	0.0238107	0.0650539	0.0319795	0.0243976	0.0331347	0.0364193	0.0371491	0.0541327	0.0313009	0.0311732	0.030353	0.0244654	0.0519444	0.0650721	0.0251745	0.0303943	0.0432725	0.0455144	0.0242401	0.0330694	0.0578716	0.0369682	0.0689197	0.0437836	0.0431198	0.0505781	0.0424911	0.0521616	0.0612859	0.0536815	0.048824	0.034938	
0.0645758	0.090012	0.0341202	0.0781981	0.0607641	0.0261216	0.0276564	0.0497012	0.096113	0.0807191	0.0418065	0.0865172	0.101321	0.0384168	0.0637221	0.0280081	0.0519681	0.0762642	0.0687435	0.0800689	0.0509911	0.0287203	0.0781853	0.0831552	0.064776	0.0720802	0.0598794	0.0319967	0.0490002	0.039584	0.0561736	0	0.0321232	0.0237125	0.0266077	0.0820842	0.0610368	0.0449262	0.0888982	0.0329542	0.0370115	0.0525277	0.0630008	0.0673478	0.0257986	0.0383044	0.0399074	0.0528377	0.0571176	0.0733422	0.0288132	0.054024	0.0577553	0.0274373	0.0419605	0.0530244	0.0844615	0.0369656	0.0435422	0.0463866	0.0661465	0.0313573	0.0407098	0.0751845	0.0912294	0.0907474	0.0408326	0.0245326	0.0238871	0.0285086	0.065671	0.0335912	0.0636372	0.0386329	0.0749573	0.0425833	0.0292774	0.0262793	0.0472338	0.0548907	0.036306	0.0658003	0.0445726	0.0431829	0.0752676	0.0341615	0.0581258	0.0577792	0.0338694	0.0440963	0.0230127	0.0270946	0.0420269	0.0598417	0.0797788	0.0305428	0.0463744	0.0362985	0.0228635	0.0294808	0.0357746	0.067184	0.0299208	0.0493734	0.0276184	0.0561569	0.0371965	0.0613685	0.0611681	0.0586762	
0.0429434	0.0535915	0.0255239	0.0694887	0.034266	0.040272	0.0253651	0.0549944	0.058035	0.0545274	0.0280753	0.0777326	0.0608541	0.0380346	0.0551357	0.0421174	0.0293159	0.0500338	0.0413139	0.0661489	0.0332183	0.0475592	0.0465781	0.0518582	0.0367585	0.0415425	0.0547989	0.027502	0.0353946	0.0266666	0.0516621	0.0321232	0	0.0284654	0.0253505	0.047742	0.0356647	0.0266537	0.0544976	0.027882	0.0250432	0.0299774	0.0583836	0.0632619	0.0248366	0.0274192	0.0249035	0.0517714	0.0356888	0.0420818	0.0354888	0.0341315	0.0335492	0.0239892	0.0291589	0.0296552	0.0753331	0.047485	0.0329114	0.0290149	0.0390298	0.0228696	0.0412991	0.0424077	0.0539035	0.0555975	0.0340139	0.0341565	0.030157	0.0235912	0.0465963	0.0230905	0.0521391	0.0248134	0.0580804	0.0252415	0.0233286	0.0282263	0.0429519	0.0306302	0.0455682	0.0548747	0.0307761	0.0286057	0.0505819	0.022986	0.0401308	0.0399623	0.0383802	0.0418187	0.031649	0.0264474	0.0414954	0.0420553	0.0513802	0.0473033	0.0468839	0.0282687	0.0328176	0.0270674	0.0252628	0.0410766	0.0239673	0.028344	0.0401497	0.0318882	0.023986	0.0348586	0.035547	0.0384281	
