53
3989151.30105799 4914176.00696975
2438018.87716962 2010919.92611242
3844791.32029435 3103359.73599789
1980033.72608938 771849.02739636
1364693.97061845 1906726.02222236
186173.17035164 805669.85924680
3366474.57054327 3790562.15663709
2147822.29625927 4355555.60957695
2258696.17452368 1753883.72442946
3049285.84645108 3427678.54373769
297016.48429139 1470743.16883925
1579057.19169433 2653146.51928443
3863610.65431467 4162116.93142592
3482164.94503047 2987450.95936290
626660.90554590 1676556.65352623
650757.25194712 1496125.11666553
461761.69359601 2262962.70784662
39101.46784667 2113228.26610231
2115546.92582083 1798031.58986118
3277865.87468957 2791595.99934649
3614612.62346012 3712726.82850970
2656046.46791219 2121673.91812845
544089.69136523 2146778.94288103
3158831.86764244 624363.79359906
632499.32664651 122170.08025187
671516.52156787 1450926.32565364
492970.46355499 1587602.91449613
710136.24215964 3268450.66983238
841256.49245764 4784679.62035342
981244.61128478 4678654.36392440
1587398.87574718 2289431.66927183
1582144.99573145 1202391.98416042
1087816.54711410 3819489.72143239
1255209.23007868 3796636.91565548
4464612.02642989 3703240.32489307
3516116.12278146 3718441.70743663
2778689.71359693 529602.08366383
922168.33878827 3407802.15235158
1060154.21266160 2316302.89296860
386734.04056338 1060816.02627467
4569002.05389784 492593.68844054
3533576.08848465 4117872.36963919
2788944.83377438 875048.68691040
1567144.94968296 817849.54892497
831017.81451075 3329936.08205555
3112486.29639948 4471946.87677121
4939673.67476248 2582791.04175635
852160.11528442 3513511.53475238
1288961.25286007 767951.88309700
1983996.59316572 4767285.34943124
369973.84788469 2704420.40620738
3420480.33481005 3398669.49105233
2011941.66348081 182815.09024226
0	0.0514832	0.0320181	0.0773235	0.0642622	0.102319	0.0275288	0.0330936	0.0568865	0.0314628	0.087922	0.0517001	0.0245199	0.0338026	0.07879	0.081358	0.0730552	0.0828893	0.0574855	0.0365491	0.0273444	0.0482939	0.0731928	0.0721145	0.109407	0.0817848	0.0824972	0.0580859	0.0491837	0.0470937	0.0560728	0.0733021	0.0483976	0.0461269	0.0276457	0.027538	0.0760723	0.0536032	0.0627548	0.0936752	0.074084	0.0252622	0.0687966	0.0809087	0.0556357	0.0256091	0.0400055	0.0539231	0.0854401	0.0339959	0.0693589	0.0301862	0.0899076	
0.0514832	0	0.0316762	0.0277912	0.0261693	0.0404829	0.0339613	0.038039	0.0231221	0.0295358	0.0361936	0.0261338	0.0408356	0.0286143	0.0322668	0.0324447	0.0338021	0.0385173	0.0232712	0.0265951	0.0346266	0.0230097	0.0328347	0.0297026	0.0412673	0.0323773	0.0337843	0.0353821	0.0499876	0.0474396	0.0251471	0.0267947	0.0367657	0.035437	0.0416378	0.0340905	0.0293436	0.0345435	0.0284712	0.0368089	0.0413167	0.03819	0.0268703	0.0289924	0.0347368	0.0404522	0.0406428	0.0359233	0.0308494	0.0437769	0.035884	0.030919	0.0326161	
0.0320181	0.0316762	0	0.0466108	0.0432106	0.0710553	0.0248621	0.0350679	0.0347752	0.0249675	0.0625656	0.0373992	0.0260524	0.0232585	0.0554058	0.0563925	0.0548001	0.0630932	0.0357168	0.0240521	0.0240686	0.0295248	0.0539409	0.040722	0.0723981	0.0564306	0.058266	0.0489994	0.0540376	0.0510955	0.0384992	0.0461522	0.0445706	0.0421927	0.0249846	0.0242472	0.043667	0.0459002	0.0452348	0.0647546	0.0425886	0.0260658	0.0393353	0.0504123	0.047173	0.0296133	0.0270275	0.0471474	0.0543857	0.0397268	0.0550071	0.0236143	0.0541404	
0.0773235	0.0277912	0.0466108	0	0.0275741	0.0318014	0.051988	0.0566085	0.0258291	0.0447827	0.0320746	0.0330869	0.0620406	0.0421379	0.0302674	0.0292922	0.035281	0.0379999	0.0259119	0.0385133	0.0527089	0.029258	0.0337576	0.0268646	0.0291458	0.0289692	0.0308805	0.0438844	0.0679133	0.0650798	0.0297437	0.0238358	0.0495844	0.0485463	0.0613524	0.052006	0.0248492	0.0444518	0.0318347	0.0301915	0.0411473	0.0584592	0.0247592	0.0233391	0.0439315	0.0618693	0.0545179	0.0462938	0.024222	0.0643395	0.0399751	0.0467682	0.0238482	
0.0642622	0.0261693	0.0432106	0.0275741	0	0.0301349	0.0431417	0.0407067	0.0252081	0.0369154	0.0266376	0.0245822	0.052736	0.0382216	0.0245666	0.0247972	0.0255471	0.0279426	0.0245034	0.0350561	0.0451074	0.0277048	0.0249475	0.0361613	0.033142	0.0248256	0.0253192	0.0292682	0.0457017	0.0438459	0.0234075	0.024411	0.0331808	0.0327769	0.0565228	0.0440516	0.0336076	0.0297215	0.0235947	0.027589	0.0550922	0.0483395	0.0314624	0.0263482	0.0293435	0.0484459	0.0575276	0.0307931	0.0265608	0.0457266	0.027461	0.0402986	0.0322614	
0.102319	0.0404829	0.0710553	0.0318014	0.0301349	0	0.0719458	0.0655505	0.0370287	0.0621169	0.0241559	0.0374437	0.0861973	0.0634925	0.0255762	0.0248379	0.0290411	0.0277533	0.0357513	0.0581914	0.0748729	0.0438498	0.0282922	0.0464995	0.0247631	0.0247218	0.0248749	0.040008	0.0650821	0.0635135	0.0343211	0.0287851	0.0491078	0.0495959	0.0909069	0.0733064	0.0411902	0.0425172	0.031336	0.0231428	0.0726482	0.0797471	0.0411434	0.0282387	0.0411654	0.0793248	0.0885746	0.0437058	0.0263228	0.0717044	0.0329243	0.0673783	0.0331437	
0.0275288	0.0339613	0.0248621	0.051988	0.0431417	0.0719458	0	0.027955	0.037501	0.0235128	0.0614447	0.0351756	0.0239557	0.0247403	0.0543585	0.0560273	0.0513216	0.0591489	0.0379177	0.0257268	0.0230326	0.0319913	0.0510612	0.0495433	0.0766712	0.0562712	0.0572079	0.0425582	0.0426514	0.0403655	0.0376139	0.0490733	0.0370252	0.0350936	0.0263114	0.0229153	0.0518479	0.0394415	0.042979	0.0652532	0.0552312	0.0232297	0.0464083	0.0546076	0.0407859	0.0243692	0.033708	0.0401599	0.0580656	0.0308492	0.0497732	0.0232922	0.0615633	
0.0330936	0.038039	0.0350679	0.0566085	0.0407067	0.0655505	0.027955	0	0.041148	0.0275935	0.0537847	0.0318084	0.0311623	0.0329594	0.0480799	0.0504283	0.0422832	0.0480387	0.0405308	0.0331479	0.0300357	0.03717	0.0428714	0.0617963	0.0749041	0.050931	0.0503842	0.0318809	0.0281947	0.0270151	0.0354242	0.0500358	0.0268637	0.0260182	0.0385895	0.0292556	0.062026	0.0295892	0.0374131	0.0593288	0.0763071	0.0284301	0.0557395	0.0565619	0.0306348	0.0255526	0.0517414	0.0295546	0.0584571	0.0234083	0.0388337	0.0299559	0.0679894	
0.0568865	0.0231221	0.0347752	0.0258291	0.0252081	0.0370287	0.037501	0.041148	0	0.0323573	0.0336939	0.0264713	0.0452391	0.0312625	0.03032	0.0302723	0.0325217	0.0366656	0.0229002	0.0288109	0.0382839	0.0236895	0.0314661	0.02873	0.0373228	0.0301612	0.0316037	0.035711	0.0523917	0.0498427	0.0249659	0.0250354	0.0381853	0.0369904	0.0459809	0.0376716	0.0278581	0.035263	0.0278127	0.0338431	0.0415279	0.0422626	0.0258615	0.0267058	0.0352642	0.0445784	0.0439589	0.0367151	0.028253	0.0472287	0.0351287	0.03403	0.0299392	
0.0314628	0.0295358	0.0249675	0.0447827	0.0369154	0.0621169	0.0235128	0.0275935	0.0323573	0	0.0529206	0.0305689	0.0262806	0.0239441	0.0466675	0.0480618	0.0444122	0.0513672	0.0326271	0.0241623	0.0240009	0.0281093	0.0440664	0.0439482	0.0663407	0.0482586	0.04917	0.0378186	0.0409824	0.0387161	0.0323736	0.0419813	0.0338863	0.0321652	0.0287109	0.0237165	0.045486	0.0352717	0.0370217	0.056157	0.0517089	0.0248902	0.0406386	0.0468519	0.0363368	0.0259769	0.0346447	0.0360861	0.0498091	0.0310223	0.0435158	0.0232401	0.0534261	
0.087922	0.0361936	0.0625656	0.0320746	0.0266376	0.0241559	0.0614447	0.0537847	0.0336939	0.0529206	0	0.0313248	0.0742759	0.0555401	0.0232762	0.0232026	0.0247299	0.0242269	0.032324	0.0509658	0.0645124	0.039098	0.0243384	0.0465932	0.0283046	0.023246	0.022987	0.0322925	0.0526024	0.0512911	0.0294117	0.0277318	0.0394955	0.0399772	0.0801847	0.0629713	0.0418269	0.0342629	0.0265463	0.0233493	0.0723989	0.0681196	0.0405892	0.0286023	0.0331979	0.0667558	0.0812666	0.0351559	0.0270501	0.058719	0.0271875	0.0581174	0.0354684	
0.0517001	0.0261338	0.0373992	0.0330869	0.0245822	0.0374437	0.0351756	0.0318084	0.0264713	0.0305689	0.0313248	0	0.0429883	0.0331762	0.0281107	0.0290433	0.0268347	0.0303023	0.0257643	0.0309568	0.0372162	0.0269512	0.0266308	0.0407108	0.042489	0.0292306	0.0293561	0.026087	0.0367495	0.0351005	0.0232218	0.0287811	0.0273942	0.0268678	0.0479228	0.0362234	0.0389937	0.0257134	0.0239486	0.0337703	0.0584552	0.0390378	0.0355361	0.0322017	0.0257602	0.0382419	0.0526536	0.0264658	0.0329219	0.0355574	0.0270129	0.0337425	0.0398788	
0.0245199	0.0408356	0.0260524	0.0620406	0.052736	0.0861973	0.0239557	0.0311623	0.0452391	0.0262806	0.0742759	0.0429883	0	0.0271821	0.0660635	0.0679887	0.062384	0.0714521	0.0459263	0.0291007	0.0236048	0.0381434	0.062138	0.056963	0.0910553	0.0682623	0.0693785	0.0512512	0.0481592	0.0457483	0.0460371	0.0593496	0.0438249	0.041551	0.0244924	0.0237603	0.060368	0.0473941	0.0525722	0.0785879	0.0593444	0.0231591	0.0543186	0.0655707	0.0490902	0.0247454	0.0329594	0.0480762	0.0697754	0.0336164	0.0602634	0.0250848	0.0725399	
0.0338026	0.0286143	0.0232585	0.0421379	0.0382216	0.0634925	0.0247403	0.0329594	0.0312625	0.0239441	0.0555401	0.0331762	0.0271821	0	0.0490476	0.0499813	0.0484778	0.0559755	0.0319711	0.0230691	0.0244116	0.0269224	0.0476939	0.0383182	0.0652534	0.0500313	0.0516346	0.0436729	0.049889	0.0471237	0.0340891	0.041188	0.0402289	0.0381239	0.0270492	0.0243884	0.0405151	0.0410171	0.0399478	0.0576681	0.0427555	0.0264991	0.0363697	0.0452369	0.042088	0.0294255	0.0292828	0.0422109	0.0487026	0.0375978	0.0487775	0.02334	0.0494409	
0.07879	0.0322668	0.0554058	0.0302674	0.0245666	0.0255762	0.0543585	0.0480799	0.03032	0.0466675	0.0232762	0.0281107	0.0660635	0.0490476	0	0.0229315	0.0239149	0.0243896	0.0291283	0.0449756	0.0571171	0.0347217	0.0235001	0.0430468	0.0296319	0.0229895	0.02291	0.0299717	0.0486269	0.0471836	0.0265499	0.0260987	0.0360076	0.0362307	0.0714831	0.0557226	0.0389889	0.03144	0.0245653	0.0241043	0.06678	0.0604629	0.0373513	0.0274502	0.0306066	0.0594209	0.0729361	0.0323536	0.0264535	0.0528963	0.0260554	0.0513221	0.0342821	
0.081358	0.0324447	0.0563925	0.0292922	0.0247972	0.0248379	0.0560273	0.0504283	0.0302723	0.0480618	0.0232026	0.0290433	0.0679887	0.0499813	0.0229315	0	0.0246413	0.0250157	0.0291426	0.0457613	0.0586806	0.034975	0.0240986	0.0418423	0.0281859	0.0228416	0.0229319	0.0316016	0.0515236	0.0499732	0.0271301	0.0255798	0.0380586	0.0382374	0.07292	0.0573055	0.0377281	0.0331618	0.0252584	0.023591	0.0653263	0.0623961	0.0364084	0.0265532	0.0322736	0.0617257	0.0733135	0.0341766	0.025534	0.0556216	0.0272196	0.0526343	0.0327605	
0.0730552	0.0338021	0.0548001	0.035281	0.0255471	0.0290411	0.0513216	0.0422832	0.0325217	0.0444122	0.0247299	0.0268347	0.062384	0.0484778	0.0239149	0.0246413	0	0.023422	0.031081	0.0448164	0.0545263	0.0360864	0.0228938	0.0492678	0.0355011	0.0248688	0.024163	0.0259155	0.0404303	0.0394007	0.0264634	0.0295336	0.0307128	0.0311633	0.0696464	0.0530287	0.0452323	0.0271746	0.0238856	0.0269747	0.0743738	0.0566226	0.0425925	0.0320457	0.0264831	0.0541833	0.0747462	0.0277117	0.0309951	0.045784	0.0234285	0.0494823	0.0410166	
0.0828893	0.0385173	0.0630932	0.0379999	0.0279426	0.0277533	0.0591489	0.0480387	0.0366656	0.0513672	0.0242269	0.0303023	0.0714521	0.0559755	0.0243896	0.0250157	0.023422	0	0.034971	0.0517733	0.0627915	0.041322	0.0235821	0.0542927	0.0347214	0.0252535	0.0242355	0.0279011	0.0437165	0.0429186	0.0296649	0.0317786	0.0339135	0.0347118	0.0795927	0.061103	0.0494047	0.0297396	0.0259468	0.0263532	0.0821444	0.0650032	0.0470727	0.0339183	0.0287888	0.0619594	0.0848332	0.0301908	0.0322109	0.0514623	0.0241685	0.0571478	0.0433024	
0.0574855	0.0232712	0.0357168	0.0259119	0.0245034	0.0357513	0.0379177	0.0405308	0.0229002	0.0326271	0.032324	0.0257643	0.0459263	0.0319711	0.0291283	0.0291426	0.031081	0.034971	0	0.0294194	0.038902	0.0239895	0.0301074	0.0297674	0.0365404	0.0290577	0.0303403	0.0342478	0.0507478	0.0483177	0.0243451	0.0246858	0.0368928	0.0358231	0.047208	0.0382162	0.0286275	0.0339251	0.0267841	0.0326396	0.0435717	0.0427219	0.0265687	0.0264459	0.0338754	0.0446472	0.0457909	0.0353085	0.0277892	0.0464083	0.0335351	0.0345853	0.0301848	
0.0365491	0.0265951	0.0240521	0.0385133	0.0350561	0.0581914	0.0257268	0.0331479	0.0288109	0.0241623	0.0509658	0.0309568	0.0291007	0.0230691	0.0449756	0.0457613	0.0448164	0.0517733	0.0294194	0	0.0256028	0.0252446	0.0439962	0.0357613	0.0597468	0.0457881	0.0473538	0.0412502	0.0491417	0.0464126	0.0315081	0.0375684	0.0387451	0.0367848	0.02915	0.0254724	0.0374764	0.0389429	0.0368971	0.0527937	0.04159	0.0280104	0.033651	0.0412544	0.039845	0.0308106	0.0306871	0.0401772	0.0444097	0.0380284	0.045464	0.0239663	0.0453232	
0.0273444	0.0346266	0.0240686	0.0527089	0.0451074	0.0748729	0.0230326	0.0300357	0.0382839	0.0240009	0.0645124	0.0372162	0.0236048	0.0244116	0.0571171	0.0586806	0.0545263	0.0627915	0.038902	0.0256028	0	0.0324206	0.0541187	0.0487265	0.0787816	0.0588803	0.0600894	0.0458975	0.0464257	0.0439407	0.0394784	0.0504666	0.0401536	0.0380189	0.0249235	0.0228629	0.0514735	0.0425929	0.0454942	0.0680431	0.0526068	0.0233336	0.0461545	0.0558587	0.0440106	0.025225	0.0313001	0.0434364	0.0596381	0.0332758	0.0532728	0.0232333	0.0620083	
0.0482939	0.0230097	0.0295248	0.029258	0.0277048	0.0438498	0.0319913	0.03717	0.0236895	0.0281093	0.039098	0.0269512	0.0381434	0.0269224	0.0347217	0.034975	0.0360864	0.041322	0.0239895	0.0252446	0.0324206	0	0.0351029	0.0298457	0.0445169	0.0349111	0.0364256	0.0367859	0.0503461	0.0477043	0.0261897	0.0284893	0.037414	0.0359105	0.0385355	0.0319899	0.0299951	0.0356282	0.0300902	0.0398407	0.0399394	0.0358764	0.0273111	0.0309044	0.0359703	0.0384311	0.0376376	0.0370202	0.0330907	0.042872	0.0379978	0.0290833	0.034345	
0.0731928	0.0328347	0.0539409	0.0337576	0.0249475	0.0282922	0.0510612	0.0428714	0.0314661	0.0440664	0.0243384	0.0266308	0.062138	0.0476939	0.0235001	0.0240986	0.0228938	0.0235821	0.0301074	0.0439962	0.0541187	0.0351029	0	0.0472251	0.0341672	0.0242877	0.0237536	0.0265137	0.0418331	0.0406846	0.0260173	0.0284098	0.0314644	0.0318246	0.068891	0.0526646	0.043277	0.0277583	0.023695	0.0262849	0.0717284	0.0564859	0.0408271	0.0307073	0.0270621	0.0544276	0.073154	0.0283918	0.0297403	0.0466799	0.0238288	0.0489678	0.0391577	
0.0721145	0.0297026	0.040722	0.0268646	0.0361613	0.0464995	0.0495433	0.0617963	0.02873	0.0439482	0.0465932	0.0407108	0.056963	0.0383182	0.0430468	0.0418423	0.0492678	0.0542927	0.0297674	0.0357613	0.0487265	0.0298457	0.0472251	0	0.04077	0.0413773	0.0443682	0.0569	0.0809912	0.0772833	0.0371526	0.0307272	0.0606822	0.0586539	0.0523657	0.048613	0.0232834	0.056305	0.0423998	0.0439596	0.0285102	0.0552874	0.0234179	0.0300526	0.0562765	0.061452	0.0417301	0.0586058	0.0325989	0.0707555	0.0546824	0.0436783	0.0271404	
0.109407	0.0412673	0.0723981	0.0291458	0.033142	0.0247631	0.0766712	0.0749041	0.0373228	0.0663407	0.0283046	0.042489	0.0910553	0.0652534	0.0296319	0.0281859	0.0355011	0.0347214	0.0365404	0.0597468	0.0787816	0.0445169	0.0341672	0.04077	0	0.0278522	0.0289517	0.0491307	0.0787753	0.0765511	0.0381102	0.0286824	0.0591305	0.0591605	0.0928961	0.0774546	0.0359217	0.0515953	0.036512	0.025545	0.0635163	0.0851927	0.0370878	0.0267145	0.0502047	0.0868914	0.0857464	0.0532856	0.0252802	0.0827793	0.0410343	0.0706668	0.0282368	
0.0817848	0.0323773	0.0564306	0.0289692	0.0248256	0.0247218	0.0562712	0.050931	0.0301612	0.0482586	0.023246	0.0292306	0.0682623	0.0500313	0.0229895	0.0228416	0.0248688	0.0252535	0.0290577	0.0457881	0.0588803	0.0349111	0.0242877	0.0413773	0.0278522	0	0.0229826	0.0320314	0.0522602	0.0506727	0.0272283	0.0254022	0.0385645	0.0387196	0.0730282	0.0575171	0.0372758	0.0335979	0.0254274	0.0235157	0.0647014	0.062695	0.0360347	0.0262817	0.0327032	0.0621483	0.0731218	0.0346434	0.0252793	0.0562314	0.0275619	0.0527842	0.032299	
0.0824972	0.0337843	0.058266	0.0308805	0.0253192	0.0248749	0.0572079	0.0503842	0.0316037	0.04917	0.022987	0.0293561	0.0693785	0.0516346	0.02291	0.0229319	0.024163	0.0242355	0.0303403	0.0473538	0.0600894	0.0364256	0.0237536	0.0443682	0.0289517	0.0229826	0	0.0308686	0.0502387	0.0488464	0.0276399	0.0266507	0.0373964	0.0377244	0.0749836	0.0586358	0.0400185	0.0325462	0.0252936	0.0236768	0.0689407	0.0635519	0.0385536	0.0277949	0.0316159	0.0623889	0.0762551	0.0334543	0.0265689	0.0552586	0.0264484	0.0540431	0.034627	
0.0580859	0.0353821	0.0489994	0.0438844	0.0292682	0.040008	0.0425582	0.0318809	0.035711	0.0378186	0.0322925	0.026087	0.0512512	0.0436729	0.0299717	0.0316016	0.0259155	0.0279011	0.0342478	0.0412502	0.0458975	0.0367859	0.0265137	0.0569	0.0491307	0.0320314	0.0308686	0	0.0293593	0.0286645	0.0277443	0.0365956	0.0241319	0.0245048	0.0601503	0.0444741	0.0538668	0.0230231	0.0257926	0.0364626	0.0807858	0.0460504	0.0494974	0.041042	0.0228883	0.0422779	0.0702966	0.0230694	0.0406485	0.0335369	0.024096	0.042646	0.0524447	
0.0491837	0.0499876	0.0540376	0.0679133	0.0457017	0.0650821	0.0426514	0.0281947	0.0523917	0.0409824	0.0526024	0.0367495	0.0481592	0.049889	0.0486269	0.0515236	0.0404303	0.0437165	0.0507478	0.0491417	0.0464257	0.0503461	0.0418331	0.0809912	0.0787753	0.0522602	0.0502387	0.0293593	0	0.0229248	0.0411531	0.0578889	0.025689	0.0261263	0.060183	0.0450255	0.0789651	0.0282252	0.0394925	0.0596216	0.104714	0.0434937	0.0720817	0.0650846	0.0288132	0.0371903	0.0784361	0.0274339	0.0652636	0.0265709	0.0353364	0.0457446	0.0806658	
0.0470937	0.0474396	0.0510955	0.0650798	0.0438459	0.0635135	0.0403655	0.0270151	0.0498427	0.0387161	0.0512911	0.0351005	0.0457483	0.0471237	0.0471836	0.0499732	0.0394007	0.0429186	0.0483177	0.0464126	0.0439407	0.0477043	0.0406846	0.0772833	0.0765511	0.0506727	0.0488464	0.0286645	0.0229248	0	0.0393239	0.0555398	0.0250003	0.0252944	0.0571458	0.0426066	0.0754678	0.027441	0.0380531	0.0580405	0.0999919	0.0412715	0.0687472	0.062558	0.0280578	0.0354294	0.0745179	0.0267611	0.0629053	0.0257482	0.0346021	0.0432245	0.0775201	
0.0560728	0.0251471	0.0384992	0.0297437	0.0234075	0.0343211	0.0376139	0.0354242	0.0249659	0.0323736	0.0294117	0.0232218	0.0460371	0.0340891	0.0265499	0.0271301	0.0264634	0.0296649	0.0243451	0.0315081	0.0394784	0.0261897	0.0260173	0.0371526	0.0381102	0.0272283	0.0276399	0.0277443	0.0411531	0.0393239	0	0.0262221	0.0301062	0.0295389	0.0500732	0.0385089	0.0352483	0.027648	0.0236476	0.0310808	0.0547182	0.0420492	0.0324042	0.0289489	0.0275414	0.0419423	0.0527169	0.0286008	0.0295987	0.0398973	0.0275402	0.0354443	0.0355167	
0.0733021	0.0267947	0.0461522	0.0238358	0.024411	0.0287851	0.0490733	0.0500358	0.0250354	0.0419813	0.0277318	0.0287811	0.0593496	0.041188	0.0260987	0.0255798	0.0295336	0.0317786	0.0246858	0.0375684	0.0504666	0.0284893	0.0284098	0.0307272	0.0286824	0.0254022	0.0266507	0.0365956	0.0578889	0.0555398	0.0262221	0	0.0419534	0.0412924	0.0608445	0.0495504	0.0281757	0.037303	0.0271486	0.0269698	0.0479127	0.0551946	0.0272882	0.0232677	0.036757	0.057012	0.0573795	0.0388004	0.0236359	0.0566056	0.0331545	0.044799	0.0263415	
0.0483976	0.0367657	0.0445706	0.0495844	0.0331808	0.0491078	0.0370252	0.0268637	0.0381853	0.0338863	0.0394955	0.0273942	0.0438249	0.0402289	0.0360076	0.0380586	0.0307128	0.0339135	0.0368928	0.0387451	0.0401536	0.037414	0.0314644	0.0606822	0.0591305	0.0385645	0.0373964	0.0241319	0.025689	0.0250003	0.0301062	0.0419534	0	0.0229181	0.05295	0.0388853	0.0586421	0.02341	0.029207	0.04454	0.0822443	0.0393109	0.0533212	0.0474412	0.0237255	0.0352716	0.0653425	0.0232708	0.0477278	0.0276707	0.0278289	0.0381351	0.0596357	
0.0461269	0.035437	0.0421927	0.0485463	0.0327769	0.0495959	0.0350936	0.0260182	0.0369904	0.0321652	0.0399772	0.0268678	0.041551	0.0381239	0.0362307	0.0382374	0.0311633	0.0347118	0.0358231	0.0367848	0.0380189	0.0359105	0.0318246	0.0586539	0.0591605	0.0387196	0.0377244	0.0245048	0.0261263	0.0252944	0.0295389	0.0412924	0.0229181	0	0.0501536	0.0368281	0.0569181	0.0235994	0.0291226	0.0448907	0.0790604	0.0372892	0.0516174	0.0467565	0.0239919	0.0336333	0.0620579	0.0235428	0.0472745	0.0270373	0.0284295	0.0361177	0.0585168	
0.0276457	0.0416378	0.0249846	0.0613524	0.0565228	0.0909069	0.0263114	0.0385895	0.0459809	0.0287109	0.0801847	0.0479228	0.0244924	0.0270492	0.0714831	0.07292	0.0696464	0.0795927	0.047208	0.02915	0.0249235	0.0385355	0.068891	0.0523657	0.0928961	0.0730282	0.0749836	0.0601503	0.060183	0.0571458	0.0500732	0.0608445	0.05295	0.0501536	0	0.0254273	0.0567169	0.0560188	0.0582202	0.0832922	0.0501793	0.0258199	0.0514116	0.0662251	0.0577903	0.0296401	0.027059	0.0571471	0.0711441	0.0424474	0.0688181	0.0262257	0.0704203	
0.027538	0.0340905	0.0242472	0.052006	0.0440516	0.0733064	0.0229153	0.0292556	0.0376716	0.0237165	0.0629713	0.0362234	0.0237603	0.0243884	0.0557226	0.0573055	0.0530287	0.061103	0.0382162	0.0254724	0.0228629	0.0319899	0.0526646	0.048613	0.0774546	0.0575171	0.0586358	0.0444741	0.0450255	0.0426066	0.0385089	0.0495504	0.0388853	0.0368281	0.0254273	0	0.051174	0.0412616	0.0442738	0.0665615	0.053198	0.023302	0.0458473	0.0549529	0.0426403	0.0249466	0.0320618	0.0420694	0.0586001	0.032413	0.0517144	0.0231606	0.061345	
0.0760723	0.0293436	0.043667	0.0248492	0.0336076	0.0411902	0.0518479	0.062026	0.0278581	0.045486	0.0418269	0.0389937	0.060368	0.0405151	0.0389889	0.0377281	0.0452323	0.0494047	0.0286275	0.0374764	0.0514735	0.0299951	0.043277	0.0232834	0.0359217	0.0372758	0.0400185	0.0538668	0.0789651	0.0754678	0.0352483	0.0281757	0.0586421	0.0569181	0.0567169	0.051174	0	0.0537421	0.0395051	0.0391367	0.0317679	0.0580488	0.0231841	0.0272533	0.0535019	0.0635667	0.0465399	0.0559662	0.02925	0.0708683	0.0507171	0.0459232	0.0248824	
0.0536032	0.0345435	0.0459002	0.0444518	0.0297215	0.0425172	0.0394415	0.0295892	0.035263	0.0352717	0.0342629	0.0257134	0.0473941	0.0410171	0.03144	0.0331618	0.0271746	0.0297396	0.0339251	0.0389429	0.0425929	0.0356282	0.0277583	0.056305	0.0515953	0.0335979	0.0325462	0.0230231	0.0282252	0.027441	0.027648	0.037303	0.02341	0.0235994	0.0560188	0.0412616	0.0537421	0	0.0263027	0.0385947	0.0788131	0.0425451	0.049117	0.0420313	0.0228765	0.0389452	0.0664744	0.0228815	0.0419786	0.031147	0.0251429	0.0397538	0.0533831	
0.0627548	0.0284712	0.0452348	0.0318347	0.0235947	0.031336	0.042979	0.0374131	0.0278127	0.0370217	0.0265463	0.0239486	0.0525722	0.0399478	0.0245653	0.0252584	0.0238856	0.0259468	0.0267841	0.0368971	0.0454942	0.0300902	0.023695	0.0423998	0.036512	0.0254274	0.0252936	0.0257926	0.0394925	0.0380531	0.0236476	0.0271486	0.029207	0.0291226	0.0582202	0.0442738	0.0395051	0.0263027	0	0.0285755	0.0635279	0.047756	0.0366923	0.0298665	0.025936	0.0464723	0.0622401	0.0270465	0.0297233	0.0413538	0.0246505	0.0410491	0.0377161	
0.0936752	0.0368089	0.0647546	0.0301915	0.027589	0.0231428	0.0652532	0.0593288	0.0338431	0.056157	0.0233493	0.0337703	0.0785879	0.0576681	0.0241043	0.023591	0.0269747	0.0263532	0.0326396	0.0527937	0.0680431	0.0398407	0.0262849	0.0439596	0.025545	0.0235157	0.0236768	0.0364626	0.0596216	0.0580405	0.0310808	0.0269698	0.04454	0.0448907	0.0832922	0.0665615	0.0391367	0.0385947	0.0285755	0	0.0689436	0.072502	0.038621	0.0269792	0.0374254	0.0720491	0.0818956	0.0397297	0.0254271	0.0651506	0.0304072	0.0611101	0.0323187	
0.074084	0.0413167	0.0425886	0.0411473	0.0550922	0.0726482	0.0552312	0.0763071	0.0415279	0.0517089	0.0723989	0.0584552	0.0593444	0.0427555	0.06678	0.0653263	0.0743738	0.0821444	0.0435717	0.04159	0.0526068	0.0399394	0.0717284	0.0285102	0.0635163	0.0647014	0.0689407	0.0807858	0.104714	0.0999919	0.0547182	0.0479127	0.0822443	0.0790604	0.0501793	0.053198	0.0317679	0.0788131	0.0635279	0.0689436	0	0.0599743	0.0320582	0.0471292	0.0793697	0.0692974	0.0352224	0.0816368	0.0514822	0.0866064	0.0806074	0.0487738	0.0407699	
0.0252622	0.03819	0.0260658	0.0584592	0.0483395	0.0797471	0.0232297	0.0284301	0.0422626	0.0248902	0.0681196	0.0390378	0.0231591	0.0264991	0.0604629	0.0623961	0.0566226	0.0650032	0.0427219	0.0280104	0.0233336	0.0358764	0.0564859	0.0552874	0.0851927	0.062695	0.0635519	0.0460504	0.0434937	0.0412715	0.0420492	0.0551946	0.0393109	0.0372892	0.0258199	0.023302	0.0580488	0.0425451	0.047756	0.072502	0.0599743	0	0.0520777	0.0613295	0.0440867	0.0237171	0.0347667	0.0431399	0.0650786	0.030735	0.0544355	0.0243727	0.0689083	
0.0687966	0.0268703	0.0393353	0.0247592	0.0314624	0.0411434	0.0464083	0.0557395	0.0258615	0.0406386	0.0405892	0.0355361	0.0543186	0.0363697	0.0373513	0.0364084	0.0425925	0.0470727	0.0265687	0.033651	0.0461545	0.0273111	0.0408271	0.0234179	0.0370878	0.0360347	0.0385536	0.0494974	0.0720817	0.0687472	0.0324042	0.0272882	0.0533212	0.0516174	0.0514116	0.0458473	0.0231841	0.049117	0.0366923	0.038621	0.0320582	0.0520777	0	0.0271007	0.0490162	0.0570381	0.0431059	0.0511743	0.02921	0.0639256	0.0473355	0.0411132	0.0259443	
0.0809087	0.0289924	0.0504123	0.0233391	0.0263482	0.0282387	0.0546076	0.0565619	0.0267058	0.0468519	0.0286023	0.0322017	0.0655707	0.0452369	0.0274502	0.0265532	0.0320457	0.0339183	0.0264459	0.0412544	0.0558587	0.0309044	0.0307073	0.0300526	0.0267145	0.0262817	0.0277949	0.041042	0.0650846	0.062558	0.0289489	0.0232677	0.0474412	0.0467565	0.0662251	0.0549529	0.0272533	0.0420313	0.0298665	0.0269792	0.0471292	0.0613295	0.0271007	0	0.0413323	0.0637836	0.0606598	0.0437105	0.0230684	0.0638616	0.0364996	0.0496131	0.0245765	
0.0556357	0.0347368	0.047173	0.0439315	0.0293435	0.0411654	0.0407859	0.0306348	0.0352642	0.0363368	0.0331979	0.0257602	0.0490902	0.042088	0.0306066	0.0322736	0.0264831	0.0287888	0.0338754	0.039845	0.0440106	0.0359703	0.0270621	0.0562765	0.0502047	0.0327032	0.0316159	0.0228883	0.0288132	0.0280578	0.0275414	0.036757	0.0237255	0.0239919	0.0577903	0.0426403	0.0535019	0.0228765	0.025936	0.0374254	0.0793697	0.0440867	0.0490162	0.0413323	0	0.0404464	0.0680119	0.0229345	0.0411286	0.0322736	0.0245843	0.0409649	0.0526543	
0.0256091	0.0404522	0.0296133	0.0618693	0.0484459	0.0793248	0.0243692	0.0255526	0.0445784	0.0259769	0.0667558	0.0382419	0.0247454	0.0294255	0.0594209	0.0617257	0.0541833	0.0619594	0.0446472	0.0308106	0.025225	0.0384311	0.0544276	0.061452	0.0868914	0.0621483	0.0623889	0.0422779	0.0371903	0.0354294	0.0419423	0.057012	0.0352716	0.0336333	0.0296401	0.0249466	0.0635667	0.0389452	0.0464723	0.0720491	0.0692974	0.0237171	0.0570381	0.0637836	0.0404464	0	0.0414742	0.039199	0.0670312	0.0267234	0.0510047	0.0264047	0.0733933	
0.0400055	0.0406428	0.0270275	0.0545179	0.0575276	0.0885746	0.033708	0.0517414	0.0439589	0.0346447	0.0812666	0.0526536	0.0329594	0.0292828	0.0729361	0.0733135	0.0747462	0.0848332	0.0457909	0.0306871	0.0313001	0.0376376	0.073154	0.0417301	0.0857464	0.0731218	0.0762551	0.0702966	0.0784361	0.0745179	0.0527169	0.0573795	0.0653425	0.0620579	0.027059	0.0320618	0.0465399	0.0664744	0.0622401	0.0818956	0.0352224	0.0347667	0.0431059	0.0606598	0.0680119	0.0414742	0	0.0683467	0.0659776	0.0582054	0.0765852	0.0311415	0.0602662	
0.0539231	0.0359233	0.0471474	0.0462938	0.0307931	0.0437058	0.0401599	0.0295546	0.0367151	0.0360861	0.0351559	0.0264658	0.0480762	0.0422109	0.0323536	0.0341766	0.0277117	0.0301908	0.0353085	0.0401772	0.0434364	0.0370202	0.0283918	0.0586058	0.0532856	0.0346434	0.0334543	0.0230694	0.0274339	0.0267611	0.0286008	0.0388004	0.0232708	0.0235428	0.0571471	0.0420694	0.0559662	0.0228815	0.0270465	0.0397297	0.0816368	0.0431399	0.0511743	0.0437105	0.0229345	0.039199	0.0683467	0	0.0435852	0.0308162	0.0253912	0.0407052	0.0555226	
0.0854401	0.0308494	0.0543857	0.024222	0.0265608	0.0263228	0.0580656	0.0584571	0.028253	0.0498091	0.0270501	0.0329219	0.0697754	0.0487026	0.0264535	0.025534	0.0309951	0.0322109	0.0277892	0.0444097	0.0596381	0.0330907	0.0297403	0.0325989	0.0252802	0.0252793	0.0265689	0.0406485	0.0652636	0.0629053	0.0295987	0.0236359	0.0477278	0.0472745	0.0711441	0.0586001	0.02925	0.0419786	0.0297233	0.0254271	0.0514822	0.0650786	0.02921	0.0230684	0.0411286	0.0670312	0.0659776	0.0435852	0	0.0656202	0.0354545	0.0530704	0.0253287	
0.0339959	0.0437769	0.0397268	0.0643395	0.0457266	0.0717044	0.0308492	0.0234083	0.0472287	0.0310223	0.058719	0.0355574	0.0336164	0.0375978	0.0528963	0.0556216	0.045784	0.0514623	0.0464083	0.0380284	0.0332758	0.042872	0.0466799	0.0707555	0.0827793	0.0562314	0.0552586	0.0335369	0.0265709	0.0257482	0.0398973	0.0566056	0.0276707	0.0270373	0.0424474	0.032413	0.0708683	0.031147	0.0413538	0.0651506	0.0866064	0.030735	0.0639256	0.0638616	0.0322736	0.0267234	0.0582054	0.0308162	0.0656202	0	0.041353	0.0337158	0.076885	
0.0693589	0.035884	0.0550071	0.0399751	0.027461	0.0329243	0.0497732	0.0388337	0.0351287	0.0435158	0.0271875	0.0270129	0.0602634	0.0487775	0.0260554	0.0272196	0.0234285	0.0241685	0.0335351	0.045464	0.0532728	0.0379978	0.0238288	0.0546824	0.0410343	0.0275619	0.0264484	0.024096	0.0353364	0.0346021	0.0275402	0.0331545	0.0278289	0.0284295	0.0688181	0.0517144	0.0507171	0.0251429	0.0246505	0.0304072	0.0806074	0.0544355	0.0473355	0.0364996	0.0245843	0.0510047	0.0765852	0.0253912	0.0354545	0.041353	0	0.0488327	0.0469705	
0.0301862	0.030919	0.0236143	0.0467682	0.0402986	0.0673783	0.0232922	0.0299559	0.03403	0.0232401	0.0581174	0.0337425	0.0250848	0.02334	0.0513221	0.0526343	0.0494823	0.0571478	0.0345853	0.0239663	0.0232333	0.0290833	0.0489678	0.0436783	0.0706668	0.0527842	0.0540431	0.042646	0.0457446	0.0432245	0.0354443	0.044799	0.0381351	0.0361177	0.0262257	0.0231606	0.0459232	0.0397538	0.0410491	0.0611101	0.0487738	0.0243727	0.0411132	0.0496131	0.0409649	0.0264047	0.0311415	0.0407052	0.0530704	0.0337158	0.0488327	0	0.0552389	
0.0899076	0.0326161	0.0541404	0.0238482	0.0322614	0.0331437	0.0615633	0.0679894	0.0299392	0.0534261	0.0354684	0.0398788	0.0725399	0.0494409	0.0342821	0.0327605	0.0410166	0.0433024	0.0301848	0.0453232	0.0620083	0.034345	0.0391577	0.0271404	0.0282368	0.032299	0.034627	0.0524447	0.0806658	0.0775201	0.0355167	0.0263415	0.0596357	0.0585168	0.0704203	0.061345	0.0248824	0.0533831	0.0377161	0.0323187	0.0407699	0.0689083	0.0259443	0.0245765	0.0526543	0.0733933	0.0602662	0.0555226	0.0253287	0.076885	0.0469705	0.0552389	0	
3
2000
2000.000000
20.000000
20.000000
-90.000000